1947.47 300.36 724
 1514  545.25 
 1124  109.48 
 1260  1699.99 
 900  1183.21 
 1524  1694.82 
 1808  1586.11 
 804  69.42 
 1649  144.07 
 1574  1291.86 
 985  997.84 
 244  362.90 
 797  1376.73 
 1675  1805.13 
 1269  1347.25 
 895  771.16 
 1253  1757.94 
 218  93.13 
 923  424.00 
 481  1744.51 
 1340  1460.59 
 1531  1744.21 
 1480  1067.67 
 1293  979.53 
 94  1679.19 
 1278  604.74 
 989  250.63 
 96  334.38 
 1838  650.98 
 341  1396.28 
 172  1775.23 
 677  1302.38 
 548  1605.96 
 451  1678.24 
 62  1.13 
 336  728.78 
 491  1484.84 
 1023  1318.96 
 846  819.42 
 975  404.03 
 1083  1323.30 
 1120  525.75 
 1941  24.31 
 1920  1319.91 
 480  1299.40 
 671  65.20 
 1329  878.97 
 1758  117.14 
 400  1867.41 
 968  1727.33 
 8  764.14 
 1385  1355.93 
 469  1239.44 
 537  1243.12 
 1815  1441.04 
 486  817.69 
 1572  900.84 
 9  920.33 
 838  81.72 
 1070  210.40 
 694  1631.82 
 431  1100.66 
 1203  18.78 
 543  694.43 
 599  1719.31 
 832  1596.99 
 1075  315.24 
 1569  547.21 
 1258  1255.36 
 913  1427.72 
 1245  1158.43 
 1739  861.20 
 285  836.47 
 1054  741.14 
 1307  1707.06 
 24  1747.66 
 427  505.60 
 1588  1035.99 
 942  128.97 
 559  731.57 
 748  886.22 
 1354  1730.78 
 470  1673.18 
 110  1127.46 
 715  664.06 
 1350  871.00 
 682  1666.77 
 137  1183.51 
 1604  154.88 
 1823  1922.69 
 1928  1863.43 
 589  996.83 
 1338  1220.95 
 572  1334.29 
 539  1717.82 
 768  1881.74 
 270  1588.25 
 257  1659.51 
 89  1588.19 
 1401  139.67 
 406  1092.04 
 1350  1553.25 
 513  339.96 
 149  547.03 
 1939  376.22 
 192  1591.88 
 121  983.16 
 8  873.92 
 1007  1783.37 
 1905  598.14 
 778  972.52 
 1411  16.46 
 352  750.41 
 1410  0.83 
 670  279.34 
 1377  530.39 
 1716  818.58 
 720  646.88 
 1920  1916.09 
 1680  1670.03 
 1411  1620.82 
 182  1805.01 
 1890  1019.89 
 696  460.79 
 730  745.96 
 677  412.23 
 1288  1444.42 
 110  805.69 
 51  1688.28 
 1196  302.34 
 1795  1434.91 
 1145  1411.91 
 6  618.17 
 1517  253.96 
 1029  969.55 
 72  1489.00 
 1908  661.62 
 274  1758.06 
 396  1553.78 
 506  847.83 
 1616  1104.64 
 73  1448.46 
 539  416.10 
 1609  242.67 
 190  474.82 
 196  1303.56 
 1890  527.06 
 1143  9.81 
 191  1813.21 
 262  1563.59 
 602  1386.36 
 1681  896.44 
 1240  661.86 
 1204  1681.68 
 1276  1738.98 
 513  1238.48 
 700  560.52 
 1633  1518.24 
 1689  586.91 
 246  224.07 
 1408  1521.09 
 1247  831.06 
 172  391.85 
 1140  1400.74 
 1160  431.07 
 1569  957.01 
 299  783.93 
 508  845.63 
 928  1437.65 
 116  893.59 
 1221  303.59 
 1125  897.21 
 674  1257.50 
 1361  1415.06 
 897  334.91 
 1371  759.80 
 267  48.08 
 1642  1641.21 
 543  1492.03 
 233  984.46 
 1620  837.07 
 619  1692.56 
 568  248.73 
 1572  403.26 
 365  1405.14 
 300  1693.57 
 1610  1392.30 
 133  1096.91 
 156  44.63 
 1405  1019.59 
 955  1507.42 
 1879  1920.73 
 936  1562.22 
 932  1682.28 
 1856  1916.57 
 749  64.31 
 97  154.11 
 688  273.22 
 702  441.18 
 1431  644.38 
 707  1475.80 
 1457  1573.51 
 715  933.65 
 501  1223.74 
 1473  161.30 
 325  1247.16 
 1551  1630.51 
 1887  1891.13 
 1559  432.50 
 914  1884.83 
 1806  1276.17 
 446  4.34 
 774  1895.53 
 1461  79.05 
 786  1595.68 
 1816  757.31 
 980  1161.34 
 1643  1007.58 
 1497  272.74 
 627  724.68 
 928  1499.58 
 878  152.63 
 1219  1699.28 
 844  863.40 
 98  1313.25 
 1745  318.92 
 827  702.87 
 312  282.07 
 1811  384.54 
 979  1629.80 
 1694  1573.10 
 1840  1938.79 
 30  521.12 
 1166  1504.27 
 1863  328.73 
 189  1055.19 
 486  604.21 
 286  720.46 
 1228  335.45 
 1425  1038.67 
 176  1616.60 
 1939  1931.78 
 145  902.74 
 661  435.77 
 1185  229.95 
 1482  637.19 
 1199  1703.38 
 1897  1551.46 
 412  162.49 
 640  1711.99 
 514  1594.55 
 141  1783.97 
 1925  410.27 
 1914  1127.28 
 1694  1577.14 
 1740  783.58 
 1334  1249.84 
 314  1020.18 
 1775  208.32 
 1141  64.66 
 586  745.66 
 1622  1637.64 
 1757  942.74 
 1709  913.80 
 606  1240.21 
 981  1313.49 
 835  242.25 
 771  593.15 
 1002  505.60 
 1643  584.24 
 1575  1246.39 
 1178  473.27 
 989  667.86 
 1832  705.54 
 736  421.15 
 728  776.33 
 1520  1793.36 
 353  464.60 
 776  1716.69 
 329  1405.08 
 855  1561.92 
 1465  1026.25 
 1161  1755.50 
 1693  1068.21 
 1080  1025.59 
 1502  1284.72 
 620  581.80 
 403  543.82 
 266  873.50 
 79  1248.94 
 625  969.25 
 1626  344.06 
 1416  1834.79 
 828  1776.30 
 347  181.87 
 37  570.51 
 1221  1430.52 
 1668  654.90 
 617  1454.17 
 1855  1012.99 
 1445  706.08 
 1875  614.07 
 1317  395.95 
 1360  1492.09 
 108  1469.74 
 627  50.93 
 1939  854.60 
 1473  497.22 
 1415  1827.18 
 662  1527.93 
 1408  1806.79 
 494  1858.62 
 1582  1696.60 
 1474  1038.67 
 1067  74.71 
 1482  239.64 
 1198  777.93 
 1504  887.41 
 1103  1075.40 
 1430  1928.22 
 1278  659.78 
 1563  1389.39 
 121  600.70 
 1134  1078.37 
 530  1327.75 
 1672  604.26 
 1789  1896.06 
 693  988.80 
 1635  1811.07 
 1069  156.25 
 1273  1822.78 
 128  568.78 
 1208  1072.49 
 1381  1559.37 
 154  633.15 
 1217  523.32 
 458  1089.66 
 1279  839.03 
 1143  305.02 
 801  43.51 
 1485  441.71 
 133  924.85 
 115  1171.09 
 904  1531.38 
 894  1772.38 
 944  916.17 
 785  740.19 
 576  1934.34 
 212  21.10 
 857  1171.62 
 1383  551.31 
 657  1851.84 
 1940  110.43 
 418  851.93 
 83  1586.53 
 1  1252.04 
 978  1769.35 
 416  1548.73 
 1644  1874.61 
 728  1274.86 
 636  179.43 
 1896  1418.87 
 1894  180.38 
 1042  435.95 
 661  497.94 
 1534  1248.11 
 706  1885.78 
 963  811.57 
 95  1463.68 
 1874  1019.65 
 602  1743.20 
 1484  833.98 
 1367  668.63 
 1354  621.98 
 738  1928.33 
 1045  16.23 
 11  73.70 
 1128  799.51 
 1839  1123.42 
 1020  24.37 
 927  82.49 
 1422  452.23 
 672  1371.56 
 734  151.14 
 796  1648.40 
 1059  20.80 
 1307  1541.84 
 1489  823.10 
 935  835.34 
 137  1220.42 
 342  775.49 
 116  1508.49 
 1879  1149.57 
 45  1175.37 
 598  228.11 
 1282  816.03 
 1147  796.89 
 786  429.65 
 726  1160.21 
 1791  732.64 
 1945  1606.62 
 1474  1463.80 
 1598  1323.42 
 1427  1366.21 
 1674  670.59 
 101  1611.97 
 296  1328.35 
 1378  1775.11 
 1128  1701.42 
 355  1803.23 
 887  1517.41 
 1933  1040.81 
 1276  1315.99 
 191  1913.00 
 1104  1029.57 
 1392  1531.43 
 1258  880.40 
 1087  253.90 
 1666  1002.89 
 92  723.61 
 1501  1070.58 
 991  1099.11 
 1233  230.54 
 1752  795.82 
 255  571.58 
 176  1027.02 
 371  798.14 
 458  936.92 
 1087  862.39 
 510  827.08 
 886  331.70 
 21  1583.68 
 167  1507.07 
 113  121.25 
 545  69.06 
 1454  1111.41 
 97  1531.79 
 911  18.90 
 681  1489.83 
 1389  558.44 
 1572  1045.03 
 1824  172.89 
 1400  1241.22 
 1464  803.37 
 168  1153.97 
 970  1921.38 
 1892  1887.50 
 1387  1933.98 
 1868  229.30 
 1022  1935.41 
 8  1479.79 
 1019  911.66 
 855  150.90 
 213  1690.66 
 853  897.81 
 1715  1164.25 
 1367  1111.95 
 132  1601.57 
 1276  1696.48 
 1098  1000.10 
 1823  561.29 
 1105  1242.29 
 887  301.75 
 740  1740.34 
 1584  179.91 
 746  1758.12 
 671  1924.47 
 1418  514.64 
 1143  1414.94 
 1505  730.56 
 861  1610.18 
 1539  827.91 
 1589  1257.80 
 1919  918.20 
 36  587.80 
 681  0.42 
 1380  1897.73 
 751  1713.48 
 1274  1438.54 
 449  221.57 
 197  1144.46 
 413  580.73 
 48  1561.39 
 713  371.64 
 96  621.08 
 1854  579.66 
 606  514.04 
 950  1719.90 
 107  568.25 
 677  605.28 
 458  1755.44 
 863  233.52 
 1777  734.31 
 50  1450.78 
 1402  998.13 
 269  552.38 
 355  1508.73 
 1459  429.17 
 338  122.85 
 196  994.75 
 557  1404.19 
 579  1818.50 
 780  1860.64 
 1314  229.12 
 452  624.23 
 1889  284.75 
 268  823.70 
 1627  294.32 
 1874  979.77 
 1394  1551.88 
 411  97.41 
 1230  125.64 
 629  206.24 
 1727  469.05 
 635  810.14 
 486  1009.31 
 1296  156.91 
 1200  219.61 
 920  1684.89 
 1379  595.17 
 130  1606.92 
 1603  613.30 
 1876  780.96 
 336  786.25 
 345  1248.17 
 1639  254.38 
 182  1374.77 
 1746  290.45 
 1353  613.30 
 1314  900.48 
 826  556.12 
 1535  1049.13 
 898  1609.77 
 1697  380.32 
 1354  1438.54 
 1174  1276.28 
 357  350.13 
 66  1334.65 
 698  294.38 
 1476  426.02 
 1530  701.32 
 1838  725.27 
 1437  1199.97 
 1510  508.93 
 734  811.45 
 618  1010.79 
 1590  1710.03 
 677  1808.93 
 1660  1303.21 
 356  142.58 
 1253  199.52 
 55  791.18 
 222  78.04 
 1726  1279.55 
 727  1500.35 
 1072  1886.20 
 1791  996.11 
 1403  1323.71 
 1796  1359.37 
 1493  304.24 
 688  1377.32 
 344  1121.82 
 498  352.56 
 418  149.18 
 1804  1168.23 
 1607  330.22 
 579  515.05 
 606  1614.88 
 578  667.50 
 1596  313.45 
 906  266.44 
 323  110.13 
 1205  442.37 
 48  1443.53 
 1617  1265.76 
 47  1207.82 
 1003  1487.93 
 1500  642.60 
 1759  1876.09 
 650  781.26 
 1314  1735.83 
 450  854.48 
 86  611.10 
 845  440.35 
 145  595.65 
 837  1284.07 
 969  1772.08 
 1705  1787.30 
 1614  1792.47 
 1688  1513.13 
 101  1853.45 
 700  916.95 
 1284  868.03 
 1505  16.70 
 634  1509.15 
 592  687.41 
 1941  189.89 
 1925  713.39 
 1319  235.12 
 70  1811.67 
 1360  834.69 
 914  283.32 
 1442  1032.84 
 1184  35.24 
 781  556.66 
 805  1047.94 
 1136  1683.17 
 466  1084.97 
 953  1737.49 
 27  722.42 
 965  1844.53 
 743  805.75 
 1356  104.48 
 1640  1887.44 
 771  656.27 
 802  596.18 
 632  957.30 
 1649  280.71 
 1694  428.46 
 1844  1665.04 
 183  582.87 
 1921  598.14 
 1612  837.25 
 1533  1478.30 
 1198  1021.49 
 936  1377.56 
 1543  1153.91 
 934  187.63 
 946  1706.35 
 1347  1548.91 
 1569  769.97 
 1000  1459.70 
 31  1083.66 
 1220  1384.99 
 1885  1912.58 
 260  1863.55 
 1114  424.24 
 126  1748.43 
 1156  919.32 
 1523  1924.35 
 1075  88.02 
 615  1634.49 
 2  1178.04 
 323  1840.43 
 1913  1875.08 
 1159  1799.84 
 1789  993.20 
 1847  1338.69 
 1444  1881.92 
 56  844.62 
 1018  1170.43 
 124  1720.97 
 789  1129.13 
 552  1275.63 
 187  1159.68 
 1285  363.91 
 1406  852.70 
 1593  232.80 
 611  1283.95 
 1296  1042.29 
 1381  1932.91 
 1490  1881.98 
 299  1316.94 
 1909  1125.68 
 732  672.73 
 842  837.78 
 838  1251.14 
 566  440.94 
 138  398.74 
 845  886.16 
 1863  362.55 
 999  641.11 
 884  1883.82 
 863  841.64 
 639  412.89 
 1675  922.30 
 189  1802.33 
 1111  123.86 
 650  1306.12 
 1031  1773.92 
 1366  1167.10 
 720  682.18 
 1929  882.83 
 46  1182.91 
 1853  376.93 
 903  1373.64 
 394  801.05 
 175  818.46 
 1914  350.07 
 1563  374.79 
 95  974.90 
 557  775.26 
 937  6.06 
 1047  1731.55 
 1346  99.67 
 336  402.61 
 790  1781.35 
 1033  730.09 
 1774  315.18 
 250  1324.72 
 657  1807.80 
 928  671.13 
 521  427.45 
 1548  966.81 
 873  1757.82 
 1293  675.59 
 1724  1059.17 
 268  1904.50 
 203  1457.14 
 679  1260.42 
 1679  305.55 
 276  34.23 
 161  1479.37 
 1482  420.91 
 594  1319.20 
 247  252.53 
 823  140.68 
 1426  1641.57 
 1932  662.87 
 1340  1217.80 
 1750  476.07 
 1853  727.06 
 1275  276.25 
 515  1779.04 
 224  1878.71