78480.83 15760.47 5040
 18077  60783.53 
 133  12146.49 
 35379  1500.32 
 21851  8395.78 
 63042  52132.47 
 19226  37069.77 
 20  73024.82 
 52250  14012.26 
 7457  50910.98 
 45196  2896.66 
 31714  9238.85 
 65404  55737.08 
 57193  5124.09 
 28328  48048.85 
 61306  78001.81 
 18343  21207.10 
 17447  54355.11 
 21075  14239.79 
 17044  15394.23 
 21320  54551.51 
 71731  76342.02 
 47163  74631.92 
 59112  48745.82 
 15593  31850.87 
 1040  67439.48 
 58970  76856.96 
 39130  6668.92 
 10417  27431.94 
 60949  22747.15 
 61694  33836.40 
 68249  47761.44 
 15900  44391.55 
 63437  22258.55 
 11873  35795.58 
 74759  25714.66 
 64153  29618.65 
 38160  52125.29 
 39652  54367.09 
 77851  2199.69 
 4813  16352.26 
 40219  31944.28 
 52992  31182.64 
 317  23985.41 
 16704  1852.40 
 46253  48058.43 
 58051  15530.75 
 40409  27604.38 
 30570  31103.61 
 17270  8048.49 
 18455  37132.04 
 33254  28497.75 
 24910  15624.16 
 49795  50628.36 
 38330  27949.28 
 77796  45301.68 
 17708  72227.26 
 65921  62781.03 
 5747  28528.89 
 74788  73168.53 
 67957  47538.70 
 62556  30794.64 
 30831  50944.51 
 59426  27666.65 
 51565  33328.64 
 56544  47917.12 
 30340  69312.43 
 72891  51658.25 
 74905  67614.32 
 39597  57152.58 
 28424  59322.53 
 43711  7926.34 
 34907  41768.93 
 21530  35503.38 
 74754  8364.65 
 71339  41110.28 
 52223  49085.92 
 4803  70308.79 
 15538  53179.13 
 13193  11487.84 
 50930  76071.37 
 47383  13739.22 
 59121  38696.03 
 23312  76516.86 
 54360  56697.51 
 21456  49646.37 
 17234  67719.70 
 2061  65753.33 
 19873  54211.41 
 9838  53749.16 
 47199  911.13 
 75904  3555.31 
 75825  21075.37 
 5835  23142.33 
 69751  26088.29 
 66740  52968.36 
 62024  391.40 
 15327  5471.38 
 59979  20874.19 
 69784  37788.29 
 21768  62448.11 
 11715  77175.51 
 34133  63125.92 
 20999  33944.18 
 75858  54853.29 
 57617  56836.42 
 46260  48642.83 
 59150  68126.87 
 70951  29589.91 
 43980  52410.30 
 37673  64268.38 
 34382  22447.76 
 22556  12788.37 
 66857  37239.82 
 10173  25218.88 
 46851  59044.69 
 18462  58980.03 
 29173  24495.56 
 52087  67786.76 
 53407  73467.91 
 53510  40494.74 
 37120  55210.16 
 60235  49339.80 
 33436  60405.10 
 31106  35256.69 
 21535  78425.74 
 21032  39131.94 
 7572  57595.67 
 10029  57327.42 
 75449  37326.04 
 65993  73355.34 
 66204  60290.14 
 68601  71911.10 
 16594  4436.70 
 66132  37726.02 
 15380  63243.28 
 21746  59437.49 
 58501  51952.84 
 21004  70007.01 
 52813  73300.26 
 11109  50204.43 
 221  14139.20 
 65138  69798.64 
 40976  14038.61 
 6300  51102.59 
 74007  5131.28 
 13399  42221.60 
 45774  71889.55 
 22218  21398.71 
 76165  44001.15 
 14898  19719.75 
 21677  71046.48 
 32318  54529.96 
 77405  42791.63 
 39491  32945.43 
 56060  74643.90 
 48614  59583.59 
 44207  594.98 
 1934  52211.51 
 73988  14728.39 
 54537  41191.71 
 19394  11190.85 
 52827  56455.61 
 23674  77618.60 
 26100  36066.23 
 77075  5861.78 
 16048  72797.29 
 71772  39565.45 
 41333  20114.94 
 51929  16098.38 
 13241  29690.50 
 23657  64146.23 
 7134  21566.37 
 63147  14508.04 
 77849  51531.31 
 9215  57538.18 
 23777  47694.38 
 27904  40195.36 
 14383  17511.48 
 1225  14646.96 
 52906  60599.11 
 47929  59265.04 
 52360  32811.30 
 49886  21858.57 
 66206  2046.40 
 21099  31364.67 
 18843  7066.51 
 56254  73405.64 
 46950  24311.14 
 47637  25245.22 
 12000  66706.58 
 26404  15262.50 
 1337  63729.49 
 61306  69472.91 
 64170  74557.68 
 21444  8996.95 
 58125  12702.15 
 19789  52173.19 
 50195  61803.84 
 38883  24380.59 
 28704  19197.63 
 26402  62244.53 
 76471  2649.97 
 60748  8932.28 
 75729  50513.39 
 69202  73293.07 
 16484  30464.12 
 33065  28021.13 
 57361  55444.88 
 5344  69003.47 
 76435  75094.18 
 12077  61605.04 
 58558  18548.56 
 26165  60632.64 
 36478  20150.87 
 6362  6989.87 
 68872  63463.63 
 33288  75036.69 
 71411  66277.86 
 64213  44575.97 
 62446  55895.16 
 44856  34811.20 
 11531  44755.60 
 56887  32375.40 
 9383  40482.77 
 62149  1402.13 
 25983  35848.27 
 21042  48329.07 
 53847  20366.43 
 24539  74852.27 
 60199  15935.52 
 40102  39912.74 
 74141  21278.96 
 9665  28677.38 
 67983  24603.34 
 56937  72136.24 
 37398  47680.01 
 51031  14057.77 
 17928  66838.31 
 10283  75245.07 
 50180  9514.29 
 43886  57377.71 
 66654  64292.33 
 59473  33874.72 
 26457  11895.00 
 53332  77685.66 
 35465  12544.07 
 34124  68287.34 
 71739  66026.37 
 4374  31711.96 
 74103  30468.91 
 70893  15291.24 
 13706  6113.26 
 9648  29443.81 
 61  66222.77 
 4331  78478.43 
 41431  4709.74 
 621  27865.45 
 60434  44712.49 
 23231  36351.24 
 20172  38367.91 
 74929  44621.48 
 55414  64107.91 
 2624  69147.17 
 71724  30186.29 
 68706  28363.63 
 41273  13538.03 
 22797  65058.76 
 65813  41426.43 
 2046  13545.22 
 22862  24689.56 
 34833  74282.24 
 63090  41268.36 
 63358  10374.12 
 48346  30626.98 
 6837  27264.28 
 61603  39565.45 
 54168  22284.89 
 78294  1564.99 
 1493  51394.79 
 66989  33187.33 
 20960  33982.50 
 21554  72701.48 
 28012  51924.10 
 15540  1423.68 
 33530  48539.84 
 16376  14761.92 
 60805  48269.20 
 20987  28919.29 
 51622  16572.61 
 15004  9332.26 
 68019  10007.68 
 3232  6769.52 
 36828  49928.99 
 5946  60541.62 
 49840  55828.09 
 33257  10515.43 
 74301  56556.20 
 10597  5176.78 
 8151  73697.84 
 59960  20864.61 
 33379  52285.76 
 11203  42743.73 
 4475  17930.62 
 39223  7387.45 
 22833  50774.46 
 45577  58869.85 
 70759  19853.88 
 72785  61248.18 
 71135  2496.68 
 76210  18024.03 
 51491  76639.01 
 7565  27640.31 
 51934  18237.20 
 26124  12860.22 
 5004  24636.87 
 65040  50563.69 
 11804  13765.57 
 60015  48717.08 
 65207  32643.65 
 67768  67892.15 
 36876  31448.50 
 11861  34097.46 
 77690  45478.92 
 9929  61842.16 
 50803  61494.87 
 78110  55672.41 
 30459  61423.02 
 9785  44578.37 
 14958  69259.74 
 29453  74469.06 
 23573  66320.97 
 36548  14357.15 
 59955  71571.00 
 2111  63513.93 
 13172  16706.73 
 39429  39232.53 
 77592  26672.69 
 43175  37579.92 
 36184  28960.00 
 8046  75865.39 
 28965  8666.43 
 58185  53485.70 
 52444  68143.63 
 42614  72840.40 
 26934  38581.07 
 3967  24009.36 
 32069  78289.22 
 41565  44549.63 
 35985  43002.40 
 12793  51744.47 
 52638  4779.20 
 26804  37163.18 
 52803  18687.47 
 55454  27187.64 
 13773  22742.36 
 7914  65168.93 
 61210  10800.45 
 6568  60687.72 
 67875  29678.53 
 13109  18483.89 
 75384  61724.80 
 33611  21686.12 
 40399  50441.54 
 51524  11018.40 
 35944  51936.08 
 53989  68763.96 
 37163  63406.15 
 6844  71968.59 
 29741  60852.99 
 65200  51526.52 
 41216  32667.60 
 11624  43107.78 
 48605  70375.85 
 13948  60282.96 
 68881  67755.63 
 46595  74514.56 
 71808  31405.39 
 67439  4518.13 
 21679  4563.64 
 20687  70598.60 
 1373  57921.40 
 31216  25226.06 
 18958  55569.42 
 17811  48482.36 
 78093  42209.63 
 32502  14508.04 
 33994  17980.92 
 4094  74540.91 
 51646  25535.03 
 36121  47538.70 
 10798  22059.76 
 15792  14548.76 
 8638  68435.83 
 76574  269.25 
 69205  72806.87 
 43115  39208.58 
 33233  13152.42 
 29034  1011.73 
 13449  33101.11 
 2322  1514.70 
 34557  1406.92 
 18002  67748.44 
 27765  48295.54 
 31556  40382.17 
 54791  21003.52 
 50954  29982.70 
 47618  78083.24 
 11691  56115.50 
 37719  50819.96 
 54211  48966.17 
 4034  26797.24 
 38734  19724.54 
 77968  19429.95 
 75585  9780.14 
 77753  1229.68 
 42782  17386.94 
 52204  48214.11 
 25933  61205.06 
 21399  68136.45 
 44600  30021.03 
 44952  37177.55 
 58391  27410.38 
 61102  60793.11 
 29635  75841.44 
 77908  6163.56 
 15627  45931.59 
 2846  62450.51 
 67269  9559.79 
 5994  14235.00 
 64129  77458.13 
 75235  75554.03 
 47472  76955.16 
 51115  49598.47 
 4123  14052.98 
 55459  53924.00 
 55122  27376.85 
 11497  47098.00 
 1967  71879.97 
 53184  62488.83 
 47805  1854.80 
 50511  33206.49 
 76644  55722.71 
 48571  15157.11 
 14314  57629.20 
 4109  6168.35 
 66956  6786.28 
 67921  11138.16 
 64465  55622.12 
 32306  22136.40 
 952  36219.51 
 55237  13947.59 
 57852  67880.17 
 24728  16450.46 
 4250  50738.53 
 67495  50381.66 
 27204  49234.42 
 36253  66359.29 
 61231  76667.75 
 8863  66122.18 
 62216  28909.71 
 26117  74957.66 
 21471  5179.18 
 2559  65832.37 
 46188  37249.40 
 77726  53524.02 
 8391  14445.77 
 66199  66874.24 
 30352  3016.42 
 430  60522.46 
 52923  20574.80 
 32390  23578.24 
 68639  13669.76 
 39827  32679.57 
 50885  40882.75 
 28522  36018.32 
 62235  75328.89 
 28270  57528.60 
 44109  56865.17 
 24563  58472.27 
 6374  245.30 
 36337  67137.70 
 40483  4700.16 
 18546  49318.24 
 11502  49701.46 
 13811  51799.56 
 772  50230.77 
 74888  13054.23 
 20299  56283.16 
 68381  8826.90 
 70682  49706.25 
 58590  12850.64 
 5419  7900.00 
 47766  18891.05 
 37942  1378.18 
 7105  75218.72 
 20081  53001.89 
 73468  57478.31 
 54868  75213.93 
 41134  65228.81 
 23011  5468.98 
 64046  12374.02 
 36586  63846.85 
 49771  3198.44 
 27135  75769.59 
 53031  64105.51 
 10815  59782.38 
 13325  38027.80 
 22620  3073.90 
 45762  16699.55 
 6587  4434.31 
 22021  77161.14 
 66707  41486.31 
 42986  11691.42 
 31252  71032.11 
 69063  14987.06 
 69420  33275.95 
 74282  35465.06 
 57303  76313.28 
 10475  10275.93 
 59964  22332.80 
 5831  25015.29 
 18992  40008.54 
 5641  27872.63 
 70551  53363.55 
 64355  22768.70 
 54223  8573.02 
 25873  57267.54 
 30007  20134.10 
 36651  66524.55 
 49903  6434.20 
 650  66306.60 
 59617  33661.56 
 48600  49967.31 
 60412  36298.55 
 52135  3957.68 
 72438  54642.52 
 19768  24629.68 
 29549  50034.38 
 33180  9075.99 
 10281  45811.84 
 69609  1557.81 
 71650  47076.44 
 16918  40384.57 
 12010  16400.16 
 70194  37443.40 
 56187  64917.45 
 11347  26373.31 
 42291  37148.81 
 72016  55895.16 
 65476  61698.45 
 76129  64273.17 
 1038  68943.59 
 33314  31695.19 
 77381  4805.55 
 56796  40214.52 
 78117  75939.64 
 30047  67128.11 
 50231  8525.12 
 35106  4769.62 
 19095  30765.90 
 4832  46480.07 
 17555  49835.58 
 4374  48187.76 
 48961  47280.03 
 75037  45914.83 
 35647  47222.54 
 25533  67698.15 
 528  12984.77 
 65883  7605.40 
 62484  66977.22 
 559  54779.04 
 22306  55315.54 
 73602  12259.06 
 3395  29206.70 
 5115  39038.53 
 40478  36732.06 
 18165  51346.88 
 2006  12256.66 
 3129  2700.26 
 15500  40626.47 
 69097  5327.67 
 34636  56814.87 
 42076  1069.21 
 51531  42980.84 
 60851  63353.46 
 63897  19056.32 
 65670  18146.18 
 44820  25501.50 
 16735  14778.69 
 45129  22229.81 
 50283  28248.66 
 48202  59303.36 
 54803  2398.48 
 21135  15504.40 
 72697  28193.57 
 17567  45253.78 
 68091  69046.58 
 69744  9708.29 
 73739  40066.02 
 39029  52726.45 
 42535  67137.70 
 25767  48221.29 
 24141  6060.57 
 16539  1076.39 
 70769  9713.08 
 76050  69927.97 
 21712  46300.43 
 75626  18024.03 
 61804  78080.85 
 30122  56683.14 
 5931  59389.59 
 35180  62256.51 
 9878  50690.63 
 13378  72852.37 
 31712  78332.33 
 66280  66000.03 
 37702  36758.41 
 71281  39989.38 
 3598  47660.84 
 26615  48130.28 
 57069  3212.81 
 18838  31450.89 
 47646  42015.62 
 60458  40904.30 
 67159  57066.35 
 6223  66682.63 
 29796  62888.81 
 31190  65748.54 
 70223  70459.68 
 73949  33046.02 
 25842  41390.51 
 62407  1119.51 
 75573  61138.00 
 31762  49102.69 
 16400  47016.57 
 68553  48800.91 
 34900  72555.38 
 53704  13657.79 
 62573  74581.63 
 1721  72016.49 
 22836  24600.94 
 27255  67135.30 
 20525  37177.55 
 29755  2865.52 
 34924  5744.42 
 11052  3277.48 
 50705  43605.96 
 17847  63353.46 
 30855  64876.73 
 74546  64083.96 
 38119  18548.56 
 40210  15219.39 
 65976  52209.12 
 68996  57188.50 
 42677  78107.20 
 38234  28452.24 
 40212  58575.26 
 36133  13454.21 
 53023  12627.90 
 37867  29209.09 
 6168  40504.32 
 77238  30322.81 
 64096  74272.66 
 62839  38578.67 
 16158  43708.95 
 75104  7236.56 
 7536  8573.02 
 57713  11018.40 
 57505  4733.69 
 53625  57978.88 
 5833  18579.69 
 56204  35771.63 
 76160  72552.99 
 76332  30277.30 
 8432  51490.59 
 45357  37963.14 
 10111  37414.66 
 76246  16246.88 
 65490  76080.95 
 75001  78111.99 
 68055  64479.15 
 9464  48570.98 
 62089  16800.14 
 63066  72852.37 
 76105  63815.71 
 18563  2714.63 
 11615  50839.13 
 3146  35592.00 
 11517  51224.73 
 56441  19065.90 
 45043  12455.45 
 24879  52288.15 
 75355  8757.44 
 69336  32349.05 
 17588  23599.80 
 71748  70835.71 
 68615  29721.64 
 32699  56436.44 
 66984  74825.93 
 59584  53430.61 
 33889  41850.36 
 75350  47306.37 
 4322  47672.82 
 44859  21032.26 
 43505  50408.01 
 64079  50499.02 
 48904  21544.81 
 10405  68373.56 
 75997  37941.58 
 61351  5224.69 
 3256  1773.36 
 53335  35625.53 
 59323  70054.91 
 8017  68409.49 
 7601  10685.48 
 33415  13938.01 
 2382  57806.43 
 43661  45998.65 
 48427  70725.54 
 16046  36722.48 
 57871  40073.21 
 51974  50561.30 
 26242  1210.52 
 18738  55428.11 
 45551  44049.05 
 734  30696.44 
 68575  48939.82 
 2839  42856.30 
 5627  73288.28 
 56151  55837.67 
 67978  76703.67 
 32016  67053.87 
 55565  66332.95 
 698  22260.94 
 14657  56556.20 
 48164  21822.64 
 21291  61327.21 
 73418  35980.00 
 24979  62764.27 
 49517  34162.13 
 19981  17288.74 
 14958  59882.98 
 65875  78361.07 
 43139  57449.57 
 32402  76847.38 
 5977  2345.79 
 2954  7715.58 
 7203  63039.70 
 34423  14716.42 
 45730  11832.73 
 50870  52084.57 
 20065  45486.11 
 59861  69422.61 
 46801  35742.89 
 56250  35457.87 
 6726  76797.08 
 37702  18994.04 
 18125  56170.59 
 46145  35177.65 
 44497  17339.04 
 31523  32310.73 
 22371  60776.34 
 1474  41335.42 
 50578  60623.06 
 17840  78334.73 
 64654  62706.78 
 32699  57641.17 
 28869  71403.35 
 66690  12266.24 
 69557  12625.51 
 15912  15885.22 
 12633  71602.14 
 61104  24660.82 
 24896  73690.65 
 23578  53380.31 
 16973  68934.01 
 54281  40868.38 
 56839  3823.56 
 58726  54644.92 
 1139  13068.60 
 8671  32799.33 
 43927  78181.44 
 34426  26952.92 
 76057  36284.18 
 15806  65846.74 
 25743  20138.89 
 76970  54034.17 
 15363  36839.84 
 55028  2424.83 
 72000  21863.36 
 54068  63396.57 
 31939  17734.23 
 75940  39381.03 
 4475  8860.43 
 54635  35093.82 
 73116  3634.35 
 12223  38770.28 
 70555  52297.73 
 15068  24107.55 
 67449  6831.79 
 40672  6388.70 
 56942  45581.91 
 61708  74813.95 
 24366  42274.29 
 65246  70023.78 
 61277  57832.78 
 78239  27539.72 
 65123  34672.29 
 74218  35843.48 
 17895  30073.72 
 67772  2017.66 
 71171  10108.27 
 36258  14105.67 
 18175  69841.75 
 53819  66603.59 
 48672  22761.52 
 41743  73645.15 
 12870  10031.63 
 69547  35019.57 
 31920  52206.72 
 61502  23918.34 
 73604  37067.37 
 78399  18483.89 
 75075  28255.85 
 29283  30888.05 
 36339  33913.04 
 61449  6630.60 
 18237  61789.47 
 12503  26270.32 
 17940  70895.59 
 36112  46851.30 
 48176  18335.39 
 413  29127.66 
 772  3790.03 
 6166  1806.90 
 13138  3967.26 
 15998  45615.44 
 54968  62745.11 
 82  62306.80 
 3184  36976.36 
 2238  17786.92 
 21126  77570.70 
 40667  53550.36 
 77046  4031.93 
 32110  56891.51 
 66115  7808.98 
 46047  46113.62 
 77247  57799.25 
 57497  19396.42 
 71482  50946.90 
 54372  74219.97 
 4439  43344.90 
 60348  73822.38 
 51910  14864.91 
 65950  60007.52 
 9119  72351.80 
 56640  60939.21 
 34119  73544.55 
 52118  22313.63 
 751  47622.52 
 31710  1751.81 
 24072  2156.58 
 52446  20567.62 
 51522  21453.80 
 42332  26684.67 
 62462  30880.86 
 46262  69250.16 
 25082  53710.84 
 14688  39881.60 
 54561  21132.86 
 69468  22945.94 
 78409  40437.26 
 23051  60421.87 
 2300  25067.98 
 27228  59789.57 
 74711  62438.53 
 28876  63209.75 
 10702  30811.40 
 65832  36758.41 
 26431  76557.57 
 22148  25877.52 
 68687  70687.21 
 12587  71228.50 
 77159  48420.09 
 15540  24751.83 
 75130  64553.40 
 2765  72849.98 
 22460  55756.24 
 48413  65920.99 
 31688  26126.61 
 17598  30797.03 
 17744  48350.63 
 43632  43847.87 
 10010  4427.12 
 59933  36150.05 
 40238  49452.37 
 66637  62979.82 
 50250  74275.06 
 25794  39400.19 
 67104  13849.40 
 44914  23547.10 
 69408  61911.61 
 56623  49404.47 
 27911  48889.52 
 46674  41277.94 
 14920  26002.07 
 38035  67489.77 
 2391  56723.86 
 19969  52831.84 
 28064  2884.69 
 50176  70574.65 
 35558  53437.80 
 12489  19669.46 
 67789  36298.55 
 43062  43371.24 
 41151  66359.29 
 8781  24021.33 
 15267  20735.27 
 71106  59619.52 
 28797  1919.47 
 12721  21460.98 
 23681  64718.66 
 66563  19971.24 
 27063  33469.95 
 61298  34990.83 
 14532  39843.28 
 15193  66778.43 
 16319  17868.35 
 12781  5722.86 
 47062  42154.54 
 63258  27676.24 
 28371  59892.56 
 51028  6573.12 
 69617  39301.99 
 6458  6944.36 
 20460  26921.78 
 22374  34083.09 
 73240  37606.27 
 44420  5677.36 
 73001  54482.05 
 38035  6290.50 
 19636  62747.50 
 53799  61878.08 
 47764  2084.73 
 66074  45071.75 
 14374  32545.45 
 48461  47208.17 
 40660  56850.79 
 4051  22725.59 
 19020  71187.79 
 21576  62160.70 
 59557  52019.90 
 75418  20912.51 
 43975  9212.51 
 33010  16963.01 
 25798  11717.77 
 58496  53813.82 
 37182  31302.40 
 71054  46384.26 
 20999  38446.94 
 16422  75803.12 
 18105  38909.20 
 2449  31783.81 
 72749  14182.31 
 16635  38164.32 
 64537  3739.73 
 3127  35517.75 
 28613  56848.40 
 17133  73326.60 
 73789  56355.01 
 56959  78068.87 
 67804  5593.53 
 76483  21841.80 
 4578  74440.32 
 13706  42700.62 
 45414  53859.33 
 24256  28655.83 
 50226  26471.51 
 49172  21580.74 
 23720  18816.81 
 4566  11212.40 
 36876  50511.00 
 36430  4597.17 
 28435  72541.01 
 9177  39898.37 
 8724  32665.20 
 25616  9667.57 
 50276  31072.47 
 48255  61226.62 
 38260  19425.16 
 27168  26627.19 
 56269  26730.18 
 17013  62450.51 
 46303  51200.78 
 40344  10180.12 
 10927  52230.67 
 43053  49802.05 
 24278  44896.91 
 13059  381.82 
 64177  24778.18 
 58697  75774.38 
 30826  39484.02 
 46993  56728.65 
 42746  56137.06 
 11002  1536.25 
 41292  19719.75 
 63097  5842.62 
 50128  65446.76 
 3067  14726.00 
 42452  24361.43 
 26337  23046.53 
 56089  68912.46 
 52786  19061.11 
 58566  68002.32 
 23241  7258.11 
 45342  47699.17 
 18328  14809.83 
 30284  33448.40 
 35341  25214.09 
 19102  21791.51 
 4365  57389.69 
 17301  5593.53 
 36363  19918.55 
 6398  15976.23 
 71729  29587.51 
 18381  26452.35 
 20742  39048.11 
 6774  74864.25 
 35398  12208.76 
 36672  56235.26 
 41929  41491.10 
 21233  13025.49 
 57088  75918.09 
 76328  61947.54 
 25092  66893.40 
 14537  77508.42 
 70441  43632.31 
 70460  76550.39 
 60491  61823.00 
 44277  11241.15 
 825  8338.30 
 54355  71743.45 
 348  68931.62 
 7323  49100.29 
 73449  36621.89 
 34574  36746.43 
 7296  72751.78 
 23978  944.66 
 32517  78238.93 
 24809  27659.47 
 13893  51492.98 
 47086  31850.87 
 18335  3208.02 
 13090  30425.80 
 55258  77920.38 
 30344  211.77 
 41539  1888.33 
 17267  29810.26 
 62134  76849.77 
 27940  22145.98 
 16510  13832.63 
 71832  48949.40 
 56166  24105.16 
 68544  64665.97 
 40052  69003.47 
 67586  2496.68 
 41079  37589.50 
 39127  58819.56 
 52008  50178.08 
 71997  69729.18 
 60613  46468.09 
 49469  61851.74 
 55086  53792.27 
 31523  17935.41 
 30833  58831.53 
 21662  76025.86 
 30534  14989.46 
 33118  66035.96 
 53131  7476.07 
 74244  73455.94 
 20623  9602.91 
 26177  70632.13 
 30716  37153.60 
 52837  69990.24 
 63955  55804.14 
 25166  16819.30 
 1234  56081.97 
 12379  12697.36 
 62101  43277.83 
 8161  8699.96 
 8322  42801.21 
 2844  30346.76 
 48473  25393.72 
 60623  73467.91 
 61440  9693.92 
 21710  26564.91 
 74572  11037.56 
 58099  14570.32 
 27046  15569.07 
 54738  28433.08 
 27595  40949.81 
 65066  20251.46 
 461  70301.61 
 48082  34717.79 
 7193  77664.10 
 37257  65427.60 
 59691  10069.95 
 47146  70138.74 
 5737  22991.44 
 4683  68960.36 
 29073  49483.51 
 31362  53234.21 
 69253  19980.82 
 29017  21496.91 
 37522  48570.98 
 72678  27218.77 
 75770  19123.38 
 13828  5394.74 
 66357  6062.97 
 32974  47457.26 
 72869  21468.17 
 73995  28263.03 
 56278  52326.47 
 56106  39531.92 
 75640  56855.59 
 51639  62498.41 
 24184  20481.39 
 49498  20280.21 
 31429  54232.96 
 62120  55404.16 
 32811  8343.09 
 38842  53947.95 
 29846  74957.66 
 29585  66845.49 
 13239  47634.50 
 61727  21961.56 
 51673  45773.52 
 17145  63542.67 
 68074  57689.08 
 71049  69604.64 
 41525  11732.14 
 17485  76327.65 
 78138  5174.39 
 5237  2978.09 
 68807  45756.75 
 67212  14072.14 
 25272  34392.06 
 25219  69242.98 
 27571  50283.47 
 57097  76016.28 
 11040  18756.93 
 54882  59269.83 
 52535  379.42 
 23006  35927.31 
 49804  24644.05 
 37659  29010.30 
 3129  460.86 
 54226  66471.86 
 28548  39452.88 
 45987  49639.19 
 56094  76116.88 
 54664  42988.03 
 68953  62666.07 
 8147  6752.75 
 52176  15015.80 
 63200  73546.95 
 35946  10503.46 
 72776  76468.96 
 29870  41658.76 
 34493  57801.64 
 76366  62043.34 
 41407  73350.55 
 62633  50034.38 
 22007  1224.89 
 68654  34119.02 
 66532  24622.50 
 27413  62558.29 
 56911  64452.80 
 24155  60989.51 
 25272  8592.18 
 10868  31714.35 
 36794  33855.56 
 27351  67343.67 
 1613  42156.93 
 19032  4692.98 
 16604  18356.95 
 28907  75178.00 
 72124  17324.67 
 10743  23135.15 
 38497  18098.28 
 40967  10352.57 
 22979  755.45 
 19341  71935.06 
 49986  13037.46 
 28321  29079.76 
 18596  32933.45 
 48748  77101.26 
 67346  22110.05 
 44825  30188.68 
 24359  54913.17 
 57823  31137.14 
 34885  54494.03 
 65713  1220.10 
 23983  41064.77 
 33034  10520.22 
 7984  31426.94 
 65152  21202.31 
 11227  23892.00 
 70915  6774.31 
 31992  71012.95 
 25135  77015.04 
 69918  10968.11 
 77930  42053.94 
 30938  37256.58 
 32670  7272.49 
 71367  29381.54 
 29537  19844.30 
 19993  1452.42 
 72836  44666.99 
 9438  62270.88 
 3601  17116.29 
 13801  46288.46 
 67109  73130.20 
 31523  34423.20 
 66644  76176.76 
 23104  40509.11 
 78459  32825.67 
 8422  3881.04 
 12973  45541.19 
 61184  12021.94 
 55359  60242.24 
 55816  10182.52 
 55366  19269.48 
 3143  20661.02 
 56504  49497.88 
 45292  50151.74 
 34435  40492.35 
 4384  1541.04 
 14443  47509.95 
 66948  24244.07 
 50473  10992.06 
 65571  49845.16 
 58405  70356.69 
 38528  45869.32 
 6341  42212.02 
 78311  48357.81 
 62098  47167.46 
 30689  14965.51 
 23504  70512.37 
 37621  50364.90 
 64635  48532.66 
 52700  25424.85 
 4540  70857.27 
 28730  5267.80 
 73408  14567.92 
 4935  36751.22 
 68783  5607.90 
 66750  4156.48 
 33738  2925.40 
 33571  65676.69 
 55984  57835.18 
 24632  25039.24 
 43786  14977.48 
 31793  34399.25 
 60051  50350.53 
 41819  41071.96 
 29882  27997.18 
 14130  60302.12 
 30811  12575.21 
 940  20855.03 
 59543  76409.08 
 29674  9885.53 
 13452  11602.80 
 34557  56285.55 
 36440  68146.03 
 6669  43548.48 
 5337  32341.87 
 21490  68541.22 
 33015  42475.48 
 77777  32174.21 
 58106  63652.84 
 34689  34032.80 
 5069  5995.90 
 51845  43062.28 
 75640  76591.11 
 14154  23951.87 
 65533  53095.30 
 72742  11574.06 
 14257  51684.59 
 77463  57413.64 
 61701  64618.06 
 32268  11231.56 
 14221  55272.43 
 55337  3679.85 
 25588  4913.32 
 13145  23482.44 
 70191  50961.27 
 57253  4283.42 
 6235  32519.10 
 35496  70442.92 
 25382  74073.87 
 26618  2460.75 
 68781  32018.53 
 48549  4276.23 
 46461  62716.36 
 12075  27949.28 
 67921  58273.48 
 10671  51983.98 
 9464  51840.27 
 56216  59942.85 
 59004  44858.59 
 57658  75027.11 
 72795  23947.08 
 15643  17602.50 
 12628  32475.99 
 53011  55243.69 
 4295  44286.17 
 18659  35043.52 
 9914  53974.29 
 11301  1960.18 
 9296  52688.13 
 69492  556.66 
 55198  68445.41 
 60463  65111.45 
 77302  18385.69 
 54731  8187.41 
 55490  22845.34 
 21487  69559.13 
 44861  65401.26 
 73513  73549.34 
 45192  41143.81 
 18187  40255.23 
 60609  19128.17 
 71152  55650.86 
 28206  34672.29 
 76519  70102.81 
 39896  22232.20 
 31992  20167.64 
 65320  67870.59 
 47618  1430.87 
 70991  22373.51 
 25070  23942.29 
 57447  66732.93 
 11569  19822.74 
 46265  15312.79 
 24172  26981.66 
 9596  47196.20 
 63100  41282.73 
 9553  23144.73 
 51601  10496.27 
 69188  190.21 
 28622  11746.51 
 42404  43107.78 
 17854  65499.46 
 24807  61164.35 
 56384  20225.12 
 3191  45431.02 
 41980  59557.24 
 70491  22330.40 
 39189  68546.01 
 60855  20241.88 
 75420  58946.50 
 10173  71192.58 
 67205  47153.09 
 61227  73523.00 
 6549  15025.38 
 41594  8491.58 
 27279  73858.31 
 1886  22747.15 
 10468  49040.41 
 58834  6347.98 
 75360  18349.76 
 45984  61823.00 
 45316  1160.22 
 63444  2786.49 
 19981  17549.81 
 74934  62428.95 
 64719  48832.04 
 35982  8613.73 
 49764  19719.75 
 35767  23130.36 
 4607  39979.80 
 52820  70936.30 
 58024  5524.07 
 62841  18191.69 
 15289  52515.69 
 20345  50285.86 
 75978  22653.74 
 59979  38461.31 
 75485  61070.94 
 46830  74643.90 
 9380  34085.49 
 77250  38269.71 
 8561  45244.20 
 39292  22265.73 
 12860  50819.96 
 69696  31400.60 
 57981  68363.98 
 16510  73805.62 
 10738  78231.74 
 58278  645.28 
 59857  12939.26 
 39419  57799.25 
 12501  32998.12 
 65198  13375.17 
 38006  71460.83 
 72857  22404.65 
 45651  22984.26 
 59011  72251.21 
 24005  30576.69 
 14070  71393.77 
 19902  48345.84 
 66537  14967.90 
 43987  16963.01 
 44966  13748.80 
 72069  65602.44 
 59112  12431.50 
 36809  36557.22 
 52389  4075.04 
 57471  22272.92 
 5632  17245.63 
 17437  33728.62 
 78471  54858.08 
 71403  19061.11 
 13873  46058.53 
 14724  77963.49 
 74452  68646.60 
 38636  50182.87 
 10753  40066.02 
 18977  50269.09 
 56733  76258.19 
 19080  28200.76 
 60228  10036.42 
 17830  6436.60 
 37276  53150.38 
 52334  14869.70 
 63174  73391.27 
 41927  40015.73 
 42305  20275.41 
 12084  30152.76 
 16431  69460.93 
 63440  37361.97 
 62348  37033.84 
 19653  67228.71 
 46221  8616.13 
 61373  31113.19 
 12055  7818.57 
 4077  78095.22 
 58963  21072.98 
 18189  53344.39 
 13794  8529.91 
 56815  8201.78 
 29762  40803.71 
 4727  37766.74 
 63174  34253.15 
 11418  37117.67 
 65246  9425.67 
 39494  6429.41 
 18319  31450.89 
 53330  4927.69 
 5342  50623.57 
 36227  70035.75 
 69830  57693.87 
 5241  64934.21 
 55105  65791.66 
 75228  6391.09 
 43357  19535.33 
 34984  51186.41 
 13708  6573.12 
 56616  65168.93 
 46135  8822.11 
 39000  72315.87 
 4370  39493.60 
 69746  16613.33 
 24618  60196.73 
 55917  55672.41 
 36897  53284.51 
 66113  54383.85 
 38241  36133.29 
 62060  46832.14 
 50897  123.15 
 12922  20869.40 
 72100  31917.93 
 12230  8795.76 
 47297  50427.17 
 56511  15707.98 
 16422  44863.38 
 47249  62654.09 
 72718  11911.77 
 67691  33132.24 
 48238  6482.11 
 4976  70948.28 
 56678  53411.45 
 60225  40746.23 
 2609  20718.51 
 39891  54925.14 
 51031  65053.97 
 69724  28895.33 
 9378  23321.97 
 75259  32957.40 
 8305  9284.36 
 42372  30576.69 
 40964  39694.78 
 49905  65015.65 
 40763  7028.19 
 47371  33472.35 
 19372  20859.82 
 17866  32226.90 
 61409  1972.16 
 28316  19482.64 
 11471  42432.37 
 22371  14886.47 
 62656  23314.78 
 35269  53325.23 
 41678  3270.29 
 58154  13171.59 
 12403  26643.95 
 74230  27791.20 
 71418  1002.15 
 43541  30830.57 
 73844  19336.54 
 44904  7387.45 
 66879  50305.02 
 37815  50963.67 
 50264  78018.58 
 2214  71697.94 
 76572  7179.08 
 75968  60864.96 
 16891  22692.06 
 35192  50803.20 
 4777  13164.40 
 13284  47406.97 
 20757  3196.05 
 77219  16103.17 
 22654  46832.14 
 7555  41512.66 
 25820  35984.79 
 39999  35366.86 
 47376  73688.26 
 69363  54676.06 
 24869  60843.41 
 35817  55317.94 
 15902  9705.89 
 14537  64574.95 
 4267  46650.12 
 60240  68708.87 
 11588  47816.53 
 54326  49689.48 
 75456  67714.91 
 77039  16534.29 
 8197  13188.35 
 61150  73012.84 
 66937  36756.01 
 34438  53207.87 
 16144  23274.06 
 21401  22383.09 
 67794  36303.34 
 48133  75975.57 
 3079  19683.83 
 27173  27724.14 
 39288  71297.96 
 44748  9727.45 
 59754  55435.30 
 42351  64028.87 
 64089  27697.79 
 42974  62366.68 
 26306  3404.42 
 70908  74308.59 
 55957  72562.57 
 52075  8961.02 
 70153  20177.22 
 21099  63090.00 
 28603  4419.94 
 58724  16119.94 
 17962  38662.50 
 50363  3519.38 
 60431  65382.10 
 23609  24251.26 
 31645  16107.96 
 56700  28979.16 
 33657  75688.16 
 44863  42180.88 
 38449  74217.57 
 43208  45881.29 
 11069  29987.49 
 60360  19908.97 
 34143  60433.85 
 21495  23377.05 
 73248  36334.48 
 30744  5907.29 
 3627  21595.11 
 3414  18196.48 
 8626  68775.94 
 53787  39488.81 
 8298  20296.97 
 2585  13078.18 
 33611  4465.44 
 17658  13782.33 
 47785  317.15 
 45745  39709.15 
 31386  23712.37 
 48806  58637.53 
 9991  14994.25 
 36940  36772.78 
 56204  38868.48 
 27904  30799.43 
 23322  33800.47 
 23923  71005.76 
 62695  35515.36 
 57359  73393.66 
 33947  33376.54 
 3498  57885.47 
 37379  70337.53 
 75343  47244.10 
 20690  59164.45 
 50566  2317.05 
 61519  4091.81 
 29008  31505.98 
 62783  22143.58 
 64616  52870.16 
 69847  68450.20 
 57502  10029.23 
 25027  15518.77 
 75353  55737.08 
 11509  69238.19 
 56947  77697.64 
 37570  52609.10 
 8793  21017.89 
 20836  51373.23 
 40052  67935.26 
 43709  10738.18 
 12546  10211.26 
 48525  71084.80 
 34634  14100.88 
 63856  16596.56 
 6058  72756.57 
 52034  17188.15 
 70431  32064.04 
 76898  17351.01 
 25509  74653.48 
 38799  30782.66 
 18776  16400.16 
 68311  28653.43 
 29149  47040.52 
 40792  32198.16 
 69916  13487.74 
 9641  39304.38 
 26359  34444.75 
 20398  3366.10 
 42935  15794.21 
 4724  43443.10 
 59557  70548.30 
 21566  5274.98 
 39654  40667.19 
 53332  43301.79 
 38967  46072.90 
 16822  9068.80 
 9617  22725.59 
 60046  22536.38 
 58070  18100.68 
 78028  11609.99 
 31216  69242.98 
 9938  47088.42 
 12544  19082.66 
 7584  43146.10 
 53246  58218.39 
 75556  22687.27 
 13833  71860.81 
 78174  67068.24 
 38691  70344.72 
 27391  50779.25 
 27679  18297.07 
 55732  7186.26 
 39841  6714.43 
 66829  48685.94 
 71887  24804.53 
 37302  59523.71 
 47745  40394.15 
 20786  46674.07 
 31439  38183.48 
 42981  32868.78 
 8482  18304.26 
 37321  63176.22 
 32838  75338.47 
 10108  72596.10 
 6173  10908.23 
 35350  29070.18 
 43402  12656.64 
 32689  20862.21 
 63399  47634.50 
 27442  74933.70 
 29772  52304.92 
 61258  3052.34 
 29928  58323.77 
 60058  4055.88 
 47733  60342.83 
 4978  43059.88 
 30605  20689.77 
 6614  70203.41 
 27921  52637.84 
 494  41503.07 
 59761  78351.49 
 76685  77829.37 
 42238  23494.41 
 62755  38461.31 
 56326  1567.39 
 839  22507.64 
 30689  58771.65 
 59560  54364.69 
 67229  31235.33 
 30364  74071.47 
 8939  27178.06 
 9859  58417.18 
 28198  45318.45 
 63238  59420.72 
 50219  26926.57 
 77935  64553.40 
 25269  30044.98 
 35614  14666.12 
 41604  18182.11 
 27992  41000.11 
 16724  50791.22 
 9191  1488.35 
 77954  53885.68 
 22793  25855.97 
 35731  36557.22 
 32967  51028.34 
 2377  10290.30 
 19401  56266.39 
 10398  5904.89 
 14762  78368.26 
 55222  72873.93 
 38045  68184.35 
 64505  28030.71 
 73482  3004.44 
 41745  15593.02 
 48370  2130.23 
 43247  75918.09 
 37882  75350.45 
 751  20340.08 
 22491  36494.95 
 69047  7016.21 
 53859  75048.67 
 19713  54307.21 
 76313  6587.49 
 8422  63880.38 
 24376  49500.27 
 59734  2724.21 
 71298  49967.31 
 47431  11166.90 
 933  2702.66 
 25748  7622.17 
 10856  45114.87 
 21186  48295.54 
 35499  25532.63 
 3500  70823.73 
 54147  40930.65 
 8925  44564.00 
 42248  4209.17 
 35439  19911.36 
 68790  28960.00 
 75554  525.52 
 61521  5639.04 
 63392  72636.82 
 56698  111.17 
 23035  9054.43 
 62700  5497.73 
 38006  37666.14 
 40322  50408.01 
 14860  30030.61 
 70809  57763.32 
 38018  55590.98 
 37228  64931.82 
 33118  27975.62 
 67511  42401.23 
 6889  54735.93 
 44449  163.87 
 51706  1792.53 
 58848  11490.23 
 48662  40897.12 
 32658  58426.76 
 62388  63561.83 
 74323  35019.57 
 27264  43668.23 
 28644  48072.80 
 32184  17001.33 
 18831  17238.44 
 38943  33369.36 
 50621  48429.67 
 27528  5243.85 
 5280  32983.75 
 31185  43989.18 
 53354  25063.19 
 34311  30456.93 
 69181  6680.90 
 59327  31228.15 
 40052  43447.89 
 23183  71856.02 
 50006  68292.13 
 3582  15066.10 
 27116  60814.66 
 24661  17348.62 
 31717  16493.57 
 2236  35912.94 
 18699  2482.31 
 57088  36631.47 
 8319  8165.85 
 31324  2865.52 
 69545  44202.34 
 64391  61547.56 
 30076  41198.90 
 43520  61890.06 
 43716  1790.13 
 20632  21839.41 
 45632  35742.89 
 38334  71290.78 
 11002  25501.50 
 44351  51481.01 
 67871  42976.05 
 63648  67987.95 
 25250  9265.20 
 51843  37697.28 
 35647  32042.48 
 70093  76543.20 
 69509  69250.16 
 48078  3881.04 
 77746  39955.85 
 10685  45682.50 
 10947  51198.39 
 35058  70656.08 
 1828  56649.61 
 28759  69345.97 
 36497  28603.13 
 8425  73585.27 
 48906  37539.21 
 27834  28909.71 
 78035  65125.82 
 42392  14745.16 
 9490  43620.33 
 36148  69298.06 
 32191  26038.00 
 70541  13981.13 
 76170  38221.80 
 31585  25391.32 
 68453  66608.38 
 68855  73774.48 
 57873  46721.97 
 11895  74701.38 
 5292  70754.28 
 13083  50111.02 
 16611  51397.18 
 74699  26452.35 
 30301  2075.15 
 2925  64821.65 
 50731  13801.49 
 36428  72354.20 
 17468  68481.34 
 3579  25185.34 
 9502  24677.59 
 2849  16821.70 
 31465  72564.96 
 68010  55890.36 
 2329  32040.08 
 7615  47373.43 
 56968  66742.51 
 19643  38250.55 
 54470  10685.48 
 53043  62936.71 
 51680  37189.52 
 8190  61794.26 
 8022  23839.31 
 3735  71475.20 
 9186  29213.88 
 54985  61583.49 
 60554  19882.62 
 39379  8807.74 
 31599  7773.06 
 581  53967.11 
 57859  70560.28 
 18616  77355.14 
 19638  2489.50 
 11495  28983.95 
 52212  30389.87 
 29947  35218.37 
 324  66251.51 
 76522  48755.40 
 7150  29918.04 
 10669  25446.41 
 72127  47433.31 
 62223  2554.16 
 61418  76277.35 
 3471  41677.92 
 45963  39028.95 
 13665  38746.33 
 17931  16685.18 
 30433  70703.98 
 37791  13518.87 
 72577  25544.61 
 19744  21925.63 
 55325  48628.46 
 50767  56170.59 
 12884  2578.11 
 58638  20098.18 
 34179  23036.95 
 38080  19542.52 
 41786  53674.91 
 42854  42741.33 
 54175  50307.42 
 54106  11837.52 
 40986  71714.71 
 31635  70624.94 
 11435  63461.24 
 22924  71027.32 
 73461  43435.91 
 8666  7085.67 
 4959  24545.86 
 66067  44983.14 
 36725  69362.73 
 57730  14328.41 
 34047  47560.25 
 55217  70028.57 
 32246  40372.59 
 77300  35484.22 
 19452  21070.58 
 38037  78279.64 
 38342  69657.33 
 54310  72057.20 
 69782  64687.52 
 45951  60381.15 
 63756  31939.49 
 33788  39531.92 
 51390  14342.78 
 68702  63363.04 
 75638  15061.31 
 19854  64433.64 
 31369  55351.47 
 38710  2087.12 
 15768  35783.61 
 43457  45634.60 
 24012  70335.14 
 60702  69142.38 
 62079  40101.95 
 4499  49517.04 
 61018  56472.37 
 23276  16548.66 
 36658  31082.05 
 73133  47857.24 
 36064  42410.81 
 5117  56149.03 
 801  10297.48 
 2125  18687.47 
 30074  54240.15 
 63155  3976.85 
 75065  46824.96 
 18673  17724.65 
 18446  52034.27 
 30529  43311.37 
 33662  2843.97 
 77894  63415.73 
 58975  72399.70 
 30713  45617.83 
 7435  14668.52 
 67935  71012.95 
 18707  27681.03 
 59655  39297.20 
 19404  2515.84 
 24876  71161.44 
 16922  25091.94 
 48631  21144.83 
 997  14191.89 
 43510  6649.76 
 14649  28576.79 
 15368  52309.71 
 53589  68423.86 
 40981  49088.32 
 41826  40600.13 
 68055  10881.88 
 13437  47253.68 
 1124  22871.69 
 41870  19068.29 
 26706  21415.48 
 46770  29903.67 
 71648  55411.35 
 39985  266.85 
 74634  70167.48 
 77396  47811.73 
 43263  20701.74 
 7354  35390.81 
 7038  61815.81 
 8980  45706.45 
 15873  52230.67 
 49062  19188.05 
 59061  3718.18 
 35597  48688.34 
 54283  6156.37 
 52461  38516.40 
 17037  3749.31 
 20307  64428.85 
 10707  72315.87 
 51687  63628.89 
 66151  3294.25 
 60784  34425.59 
 63399  21583.13 
 52604  2443.99 
 78289  30159.94 
 44485  69762.71 
 9409  71942.24 
 24522  39299.59 
 8425  29659.37 
 76922  29568.35 
 58283  76986.29 
 58702  2499.08 
 65384  58663.88 
 56448  11837.52 
 65950  19192.84 
 65770  36621.89 
 29104  57830.39 
 43687  30001.86 
 34119  2872.71 
 32313  68172.37 
 68884  65274.32 
 12889  52470.18 
 70124  60726.05 
 51843  26608.03 
 1776  8407.76 
 5529  12752.45 
 42650  9437.64 
 51641  35965.63 
 51974  15729.54 
 58266  25592.51 
 32066  60692.52 
 317  27637.91 
 50348  71314.73 
 62225  24287.19 
 5790  68519.66 
 46672  30102.46 
 56477  32281.99 
 24498  74933.70 
 52801  2961.33 
 40528  36779.96 
 48715  9265.20 
 25537  33359.78 
 121  1883.54 
 5167  1438.05 
 16453  11080.67 
 29379  35963.24 
 59375  932.69 
 70182  39608.56 
 62225  30885.65 
 17624  19298.22 
 70486  40420.50 
 21739  51198.39 
 42701  24404.55 
 54734  73561.32 
 10875  71887.15 
 39879  20011.96 
 4327  15698.40 
 49210  60297.33 
 43608  49129.03 
 32955  48386.56 
 916  16534.29 
 73964  63971.39 
 25954  68328.05 
 2149  48484.75 
 78016  73300.26 
 68630  29304.89 
 48032  7813.78 
 23370  31996.97 
 31635  49016.46 
 22601  75503.74 
 39482  1718.28 
 3546  56493.93 
 40080  3809.19 
 10884  74725.33 
 13794  20900.53 
 74558  63863.61 
 49910  75027.11 
 4339  64416.88 
 8544  52285.76 
 55213  3246.34 
 34967  14014.66 
 3651  2364.95 
 35408  13324.87 
 21770  3021.21 
 29813  27657.07 
 26146  41692.29 
 39999  29458.18 
 24975  42470.69 
 15971  20833.47 
 23933  70074.07 
 28498  54256.92 
 52353  64898.29 
 53474  65176.12 
 47314  4362.45 
 47096  9535.84 
 310  61332.00 
 29746  53550.36 
 25581  55761.03 
 14309  52992.31 
 48458  46298.04 
 46219  31467.66 
 28522  23800.98 
 33985  31575.44 
 23480  4170.85 
 29892  28162.44 
 66838  52034.27 
 11782  4206.77 
 28517  41548.58 
 61059  15207.41 
 59354  20095.78 
 66285  28703.73 
 62098  39280.43 
 4506  71135.10 
 45457  5109.72 
 8132  76248.61 
 39307  59909.32 
 13813  45751.96 
 14956  7291.65 
 6204  73388.87 
 58175  19334.15 
 25219  58309.40 
 61677  38557.12 
 7893  71573.40 
 48058  35374.05 
 46092  24464.42 
 75964  24725.49 
 32488  73319.42 
 55658  40578.57 
 60817  17123.48 
 74869  70699.19 
 3486  64412.09 
 69976  71927.87 
 24970  48456.01 
 71231  68361.59 
 61603  16656.44 
 14034  60230.26 
 26270  57950.14 
 31072  59863.81 
 24280  18170.13 
 60336  60955.97 
 62932  27978.02 
 76241  22102.87 
 32251  60326.07 
 14348  63250.47 
 67255  69961.50 
 69001  14191.89 
 28670  30686.86 
 42004  4966.02 
 17547  10170.54 
 69756  60031.47 
 32888  68943.59 
 72800  72157.80 
 59814  44884.94 
 19729  1464.40 
 31611  30107.25 
 76021  27412.78 
 11423  31898.77 
 61351  28342.07 
 36854  17025.28 
 32840  78349.10 
 51816  8321.53 
 5112  1924.26 
 75195  20155.66 
 75197  68577.14 
 10345  51088.21 
 61976  4546.88 
 29906  77290.47 
 6628  51916.91 
 76584  29558.77 
 15943  75067.83 
 42243  11444.73 
 10137  52336.06 
 29312  35017.18 
 54537  71820.09 
 59267  2606.86 
 31676  29939.59 
 44947  74413.97 
 39491  55521.52 
 19303  31304.79 
 36758  52939.62 
 24611  48602.11 
 42933  14896.05 
 47235  77587.46 
 41410  47811.73 
 29772  15054.12 
 30074  33750.18 
 31748  55095.20 
 74467  69374.71 
 21353  28768.39 
 22632  36212.33 
 75676  29656.97 
 71193  70562.67 
 1062  32200.56 
 36581  51921.70 
 14374  16024.13 
 12158  35172.86 
 5565  29704.87 
 29731  59372.82 
 42665  59121.34 
 71930  2683.50 
 31987  75580.38 
 16084  35259.08 
 17389  50403.22 
 71214  63672.00 
 51716  75712.11 
 33027  52901.30 
 25473  64165.39 
 37594  11849.50 
 33997  30691.65 
 39855  37280.54 
 20038  36564.40 
 69710  65418.02 
 57845  14041.00 
 61557  40042.07 
 15679  43064.67 
 54290  67846.64 
 41326  42544.94 
 28483  14165.55 
 58123  75563.61 
 20862  71889.55 
 30055  74088.24 
 18213  30090.48 
 46712  25523.05 
 35367  30864.10 
 24591  54577.86 
 36378  70016.59 
 37616  30097.67 
 25104  9878.34 
 53091  13892.51 
 42705  28203.15 
 7455  3993.61 
 5912  53706.05 
 18333  53919.21 
 65373  74258.29 
 19155  5207.92 
 5210  25218.88 
 25446  71738.66 
 11248  45208.27 
 5213  21971.14 
 73339  42243.16 
 13100  2712.24 
 35293  63851.64 
 31642  44161.62 
 69277  21705.28 
 22362  34178.90 
 56501  28933.66 
 22374  26842.74 
 5524  57617.22 
 4494  4882.19 
 68450  17667.16 
 42828  59782.38 
 10400  63319.93 
 30934  30667.70 
 67253  30981.46 
 43929  36665.00 
 64695  12134.51 
 42231  2032.03 
 67811  23250.11 
 8345  1215.31 
 62067  70107.60 
 77657  72471.56 
 51388  59574.01 
 28043  71477.59 
 36208  71475.20 
 43742  18687.47 
 1481  51193.60 
 77736  20718.51 
 5414  63432.50 
 42016  62488.83 
 27983  10879.49 
 33587  6163.56 
 62417  36662.60 
 185  15154.72 
 30253  43421.54 
 15643  12563.23 
 3112  18831.18 
 19487  40497.14 
 76356  71242.88 
 33750  51150.49 
 63876  60196.73 
 25504  54278.47 
 7270  1490.74 
 35681  15262.50 
 20546  32780.17 
 56642  36006.35 
 71190  20641.86 
 43565  55875.99 
 23830  28016.34 
 13059  75822.28 
 76462  74873.83 
 64671  64424.06 
 31844  18579.69 
 43242  78066.48 
 45508  27326.55 
 12000  67973.58 
 37273  40200.15 
 77099  63233.70 
 15248  21401.11 
 27125  45581.91 
 68917  30090.48 
 75214  48115.91 
 4288  29779.12 
 27976  29161.19 
 46063  28366.02 
 52434  53456.96 
 68421  1893.12 
 51287  17944.99 
 35079  36104.55 
 32818  3713.39 
 51986  60438.64 
 55478  20488.58 
 44942  930.29 
 14376  68260.99 
 55402  40590.55 
 47261  67240.68 
 68007  8630.50 
 22105  31391.02 
 49182  20071.83 
 61102  36710.50 
 52106  52910.88 
 13869  45565.14 
 47155  34962.09 
 70014  1596.13 
 39434  11186.06 
 31547  21017.89 
 54039  1519.49 
 63104  74572.05 
 1292  61815.81 
 48046  6223.44 
 22826  978.20 
 54487  67688.57 
 75085  51651.06 
 59586  68014.30 
 57430  64043.24 
 23480  64136.65 
 26270  11380.06 
 30814  63818.10 
 75760  4412.75 
 21617  18768.90 
 54353  13588.33 
 6714  12278.22 
 31987  7706.00 
 53986  35565.65 
 39010  1378.18 
 77341  42075.50 
 70136  13717.67 
 48901  66261.09 
 51768  58465.08 
 38454  75843.84 
 59634  11032.77 
 72783  50448.73 
 14175  21980.72 
 3733  34039.98 
 3958  66768.85 
 5522  26258.34 
 72115  7614.98 
 6549  9394.53 
 66709  12956.03 
 10439  54632.94 
 38172  42051.55 
 3948  19485.04 
 58094  45256.18 
 72292  35690.20 
 20999  58369.28 
 47402  43857.45 
 29983  36569.19 
 15964  45023.85 
 44274  18967.70 
 70984  31673.64 
 17476  76888.10 
 5881  12738.07 
 67832  9071.20 
 3254  36911.69 
 25707  41962.93 
 34953  887.18 
 18642  65370.12 
 45934  10211.26 
 26491  74310.98 
 51177  59075.83 
 67023  53682.09 
 20616  32167.02 
 43223  14520.02 
 15605  50640.33 
 49371  66586.83 
 59449  46307.62 
 10178  58853.09 
 48545  77252.15 
 77925  6788.68 
 49953  33534.62 
 34006  53207.87 
 36263  10766.92 
 61610  4362.45 
 31410  168.66 
 37199  13370.38 
 32256  15954.68 
 21475  19743.71 
 51692  15037.36 
 39209  66459.89 
 40528  23480.04 
 23583  45146.00 
 33911  60184.76 
 54973  49016.46 
 44090  36791.94 
 43172  41100.70 
 45273  9095.15 
 3256  17432.45 
 43283  17157.01 
 74122  532.71 
 26383  46398.63 
 17200  22641.76 
 25430  53195.89 
 12752  61880.48 
 1239  37860.15 
 58350  12297.38 
 22773  30085.69 
 22342  43414.35 
 61607  48182.97 
 11397  17501.90 
 23267  54170.69 
 44140  46880.05 
 47251  44544.84 
 24146  74605.58 
 48140  63303.16 
 24548  11439.94 
 20833  41622.83 
 72505  39139.12 
 3816  35618.34 
 73600  22991.44 
 46245  60189.55 
 6168  76615.06 
 14551  11923.75 
 5431  44700.52 
 55256  56307.11 
 74979  25185.34 
 58525  10148.99 
 65753  10503.46 
 37896  56515.48 
 52468  63030.12 
 6171  67365.23 
 21047  46147.15 
 7193  28164.83 
 17279  12144.09 
 60712  16893.55 
 62630  32931.06 
 52219  34217.22 
 45697  25364.98 
 31288  20821.49 
 72426  5339.65 
 8520  44724.47 
 70922  66718.56 
 28555  52822.26 
 75762  48333.86 
 1666  32765.80 
 66093  68716.06 
 71367  57878.29 
 76134  8254.47 
 58827  40992.92 
 1680  60170.39 
 17174  4089.41 
 56736  37608.66 
 44090  61746.35 
 48121  29170.77 
 51618  62009.81 
 70292  11650.71 
 74469  44722.07 
 3457  70541.11 
 10712  48235.67 
 24749  14306.86 
 3955  32174.21 
 64968  32978.96 
 47009  16773.80 
 28186  9835.23 
 16106  29237.83 
 40983  56.09 
 49881  36159.63 
 37161  34437.57 
 49237  1768.57 
 63662  35477.03 
 17389  15638.53 
 64271  44489.75 
 16225  1749.41 
 55854  55828.09 
 45556  51284.61 
 3100  49313.45 
 34133  27784.01 
 71102  66352.11 
 13512  36344.06 
 12343  57502.26 
 35788  13150.03 
 15567  53322.83 
 63282  26976.87 
 46456  72332.64 
 19013  19856.27 
 7646  3988.82 
 69109  29189.93 
 23957  57741.77 
 70247  10862.72 
 41053  54026.99 
 58381  70268.07 
 5543  31817.34 
 5536  63755.83 
 50106  56189.75 
 14506  5327.67 
 68098  52398.33 
 41628  5624.67 
 63330  61334.40 
 3512  781.80 
 31530  16273.22 
 64185  38772.68 
 52925  63638.47 
 75044  46578.26 
 58733  56786.13 
 4554  2798.46 
 29504  30356.34 
 16175  66881.42 
 9641  48750.61 
 69396  19937.71 
 68139  59078.23 
 56829  1303.93 
 60807  25666.76 
 38325  12199.18 
 30316  34689.05 
 15373  13693.71 
 605  18179.71 
 62527  52400.72 
 2008  41689.89 
 23643  43603.57 
 25379  20031.12 
 60518  57895.05 
 35252  40784.55 
 6096  34705.82 
 54271  3100.24 
 65476  4259.47 
 56475  65377.31 
 32054  55258.06 
 74107  59945.25 
 33022  31055.70 
 20089  74725.33 
 49905  75235.49 
 23209  46036.98 
 51232  47275.24 
 71887  13123.68 
 23526  27951.67 
 77425  55868.81 
 11064  13691.32 
 15933  75065.43 
 39  77688.06 
 4178  6328.82 
 71430  38815.79 
 46938  77709.61 
 30409  73089.49 
 17502  53928.79 
 35319  53013.86 
 1321  59605.15 
 21368  69851.33 
 73233  40846.82 
 69940  2566.14 
 30742  65173.72 
 68045  39187.03 
 37312  10266.34 
 23981  14292.49 
 29738  56723.86 
 11586  17731.83 
 20867  64428.85 
 10408  59856.63 
 14942  32483.18 
 26848  71065.64 
 18774  36303.34 
 57270  61540.38 
 43240  36708.11 
 42674  70828.53 
 28907  73604.43 
 3785  47054.89 
 61229  61897.24 
 35281  70277.65 
 24234  16141.49 
 34066  39484.02 
 78450  39.32 
 17535  22548.35 
 13229  77939.54 
 43453  74758.86 
 36464  35330.93 
 38023  18855.13 
 31573  8774.21 
 34897  32739.45 
 1699  65683.88 
 32984  26375.70 
 65224  31355.09 
 54278  66713.76 
 54152  36576.38 
 1972  67595.16 
 61746  22466.92 
 57050  61693.66 
 28958  10026.84 
 36375  56290.34 
 29952  77383.88 
 20136  5061.82 
 52583  47184.22 
 43795  74976.82 
 70867  24550.65 
 63638  13842.21 
 68556  61478.10 
 31633  73549.34 
 26086  9612.49 
 32977  18641.97 
 868  34756.11 
 8070  9389.74 
 77743  29724.03 
 32634  45993.86 
 5673  47006.99 
 49809  36504.53 
 24074  66304.20 
 27928  389.00 
 26452  41234.82 
 65722  37417.06 
 55965  31381.44 
 5938  44722.07 
 65327  29781.52 
 41173  67362.83 
 52149  76916.84 
 67813  9545.42 
 71775  35759.66 
 56733  62761.87 
 61437  11413.59 
 59938  28576.79 
 76598  5076.19 
 2751  69595.06 
 9943  21271.77 
 78263  46044.16 
 21782  2944.56 
 10087  49976.89 
 45979  28516.91 
 40629  932.69 
 71051  67029.92 
 27362  51675.01 
 31458  39381.03 
 53732  60292.54 
 66929  31177.85 
 35853  34284.28 
 63353  71022.53 
 5083  38281.68 
 17876  26047.58 
 38768  58398.02 
 63227  48834.44 
 28071  41491.10 
 45872  8510.75 
 60316  52896.51 
 4374  66716.16 
 35053  64594.11 
 29877  46472.88 
 76138  23741.11 
 70335  68548.40 
 45091  27424.75 
 43910  24862.01 
 31983  76344.41 
 38373  49612.84 
 50576  18100.68 
 20136  28540.86 
 29197  16110.36 
 6978  71604.53 
 50659  35802.77 
 49613  67918.49 
 49119  18294.68 
 34402  12793.16 
 15986  18059.96 
 64985  10592.08 
 1196  12709.33 
 22488  73544.55 
 20220  74059.50 
 3886  32926.27 
 16393  59279.41 
 2683  75194.77 
 67449  60642.22 
 60640  21928.03 
 44035  66304.20 
 39486  63695.95 
 7862  70689.61 
 5972  46448.93 
 7859  28658.22 
 65190  20512.53 
 12642  28739.65 
 7706  14129.62 
 50348  1121.90 
 38387  14989.46 
 38385  42022.81 
 48581  5265.40 
 2063  42279.08 
 33793  13358.40 
 7660  15705.59 
 60228  27841.50 
 38004  50501.42 
 27954  50726.56 
 77889  23542.31 
 66946  57090.30 
 9596  41395.30 
 8693  59696.16 
 56695  21233.45 
 25367  45608.25 
 42195  3409.21 
 15885  61978.68 
 4334  1232.07 
 66347  61001.48 
 43654  37929.60 
 35070  16642.07 
 61081  39656.46 
 40308  1694.33 
 7519  77549.14 
 57854  31333.53 
 49000  78325.15 
 14201  68136.45 
 12120  45792.68 
 73631  73185.29 
 25307  69750.74 
 71930  27331.34 
 72484  65877.88 
 71116  42698.22 
 60721  14246.98 
 46087  17588.13 
 2078  12220.74 
 49685  53641.38 
 27607  46065.72 
 44351  68124.47 
 69176  52740.82 
 40528  55665.23 
 25827  19228.76 
 43889  60134.46 
 14915  63022.94 
 59140  55332.31 
 33539  5698.91 
 44940  50827.15 
 43211  31280.84 
 67598  72284.74 
 38720  57789.67 
 77267  18675.50 
 15389  41507.86 
 25157  65973.68 
 23533  19621.56 
 59428  50111.02 
 67332  70212.99 
 27121  68399.91 
 36981  15502.01 
 60295  25901.48 
 59155  67662.22 
 61121  51983.98 
 41937  45534.01 
 20980  62929.53 
 55021  9696.31 
 8647  3449.93 
 7407  22737.56 
 35968  63209.75 
 27889  77067.73 
 48801  46760.29 
 10628  16141.49 
 16194  18333.00 
 45000  20534.08 
 51601  65726.99 
 35039  72064.39 
 68273  48997.30 
 70747  66165.29 
 1340  3533.75 
 13502  5945.61 
 20230  22725.59 
 14819  64601.30 
 37372  54335.95 
 38306  28059.45 
 55804  5435.45 
 25569  23573.45 
 33803  40624.08 
 31602  5598.32 
 24345  55739.47 
 8408  61612.23 
 52291  16855.23 
 53510  29522.85 
 16256  68280.15 
 17291  18390.48 
 19840  58838.72 
 70651  10196.89 
 6456  58534.54 
 28155  55911.92 
 44269  23700.39 
 48434  28404.34 
 57004  25786.51 
 36117  53030.63 
 33137  65214.44 
 53138  29091.73 
 58683  22093.29 
 5479  69302.85 
 28826  20977.18 
 49879  35048.31 
 31726  34868.68 
 65042  73043.98 
 4056  25855.97 
 24328  17221.68 
 43980  75496.55 
 6839  32392.16 
 59636  75731.27 
 35743  49540.99 
 60362  3037.97 
 50430  55401.77 
 4137  32717.89 
 44363  41883.89 
 37604  24864.40 
 47345  29831.81 
 42157  71832.07 
 62561  71494.36 
 28783  69113.64 
 29540  18306.65 
 59696  77965.89 
 1855  57090.30 
 62233  69489.67 
 61327  74691.80 
 18110  33709.46 
 631  31400.60 
 30256  63664.82 
 22620  31010.20 
 43925  63789.36 
 55347  70354.30 
 58539  26828.37 
 29865  39783.40 
 57584  57689.08 
 53946  35869.83 
 22084  68181.95 
 3467  66649.10 
 39858  47648.87 
 54523  74018.78 
 12719  48654.81 
 29846  59890.16 
 72618  7864.07 
 24436  63521.11 
 31621  32483.18 
 26972  12065.06 
 75497  16656.44 
 60127  55054.48 
 5548  3014.02 
 47563  70672.84 
 23238  75292.97 
 67356  53274.93 
 48358  19978.42 
 42715  70018.99 
 15909  54333.56 
 631  4877.40 
 25981  33400.49 
 27765  53926.39 
 44981  2970.91 
 33987  71120.73 
 72982  60498.51 
 22503  62661.28 
 4676  36504.53 
 35194  7646.12 
 20208  19202.42 
 1201  47402.18 
 27049  37443.40 
 70081  6007.88 
 9450  3157.73 
 9421  69204.66 
 42059  33505.88 
 53344  14618.22 
 19186  56395.73 
 55179  76126.46 
 53785  75300.15 
 37039  50537.34 
 27978  75532.48 
 9921  43325.74 
 34050  6084.52 
 37968  10927.39 
 30725  74952.87 
 68690  5251.03 
 61296  65406.05 
 31868  4448.68 
 64716  30159.94 
 42866  58407.60 
 76862  50637.94 
 35867  25391.32 
 10060  5607.90 
 75394  20747.25 
 43481  18704.24 
 43810  69238.19 
 27762  17667.16 
 31628  3435.56 
 35103  16622.91 
 49850  61849.34 
 65859  25120.68 
 77219  11375.27 
 22603  18028.82 
 3397  73149.36 
 3179  47196.20 
 10094  63698.35 
 61708  65738.96 
 9301  30473.70 
 38397  16711.52 
 14930  49368.54 
 19842  70948.28 
 66960  30363.52 
 68599  74698.99 
 14755  24251.26 
 19128  53883.28 
 54683  71525.50 
 19480  50760.09 
 52633  7852.10 
 25880  41100.70 
 37803  72325.45 
 28344  12747.66 
 55287  64560.58 
 77777  11844.71 
 37204  15779.84 
 9102  2204.48 
 77444  41529.42 
 49946  50408.01 
 43127  65144.98 
 11861  54273.68 
 6614  61954.73 
 58721  76648.59 
 38770  22196.28 
 42974  31249.71 
 62474  47126.74 
 11902  17992.90 
 33702  11811.18 
 51864  54520.37 
 50394  72354.20 
 32124  30456.93 
 28618  38353.53 
 6123  43802.36 
 37398  65612.02 
 26742  62407.40 
 68364  62009.81 
 54920  11746.51 
 17717  26124.22 
 52350  16730.69 
 69344  45704.06 
 74359  15202.62 
 59018  56558.59 
 61236  40542.64 
 49136  51040.31 
 7457  77036.59 
 66024  51842.67 
 50075  652.46 
 52006  69391.47 
 56987  44.11 
 24874  64919.84 
 61459  28334.88 
 5730  58994.40 
 24814  14735.58 
 21803  15190.64 
 38279  14400.27 
 59126  31089.23 
 73719  63492.37 
 36222  73875.08 
 1843  16644.46 
 66110  28162.44 
 7886  75563.61 
 57514  78157.49 
 4350  9976.54 
 21317  72742.20 
 54343  55658.04 
 54681  14639.77 
 12709  78037.74 
 34663  8290.40 
 6099  64639.62 
 34291  2499.08 
 37604  25992.49 
 1781  17001.33 
 23221  13808.68 
 29750  11724.95 
 36919  62658.88 
 69087  9418.48 
 31022  57629.20 
 21892  22859.71 
 64422  40511.51 
 9917  4891.77 
 69866  15224.18 
 26359  326.73 
 35870  463.25 
 23128  11698.61 
 26924  18153.37 
 33817  71762.61 
 54255  59344.08 
 50377  34727.37 
 5577  30033.00 
 38466  50082.28 
 38564  32528.68 
 44981  53686.88 
 76804  43031.14 
 76366  24852.43 
 68673  47368.64 
 15143  50410.40 
 40349  9511.89 
 38109  60932.02 
 33695  28469.01 
 76986  6700.06 
 59023  58168.09 
 40713  24648.84 
 74986  16831.28 
 46514  29716.85 
 47098  52860.58 
 24457  8395.78 
 18683  67137.70 
 61636  55526.31 
 10286  63820.50 
 65904  19461.09 
 73760  37153.60 
 36782  72591.31 
 3134  24593.76 
 72860  31848.48 
 48743  54012.62 
 69109  1895.51 
 17729  65906.62 
 38519  8640.08 
 69394  9296.33 
 69691  18546.16 
 39199  35254.29 
 69976  51926.50 
 50485  44952.00 
 32390  59104.57 
 32521  7351.52 
 34138  52388.75 
 40691  67983.16 
 77080  5845.01 
 17638  58802.79 
 76747  15791.81 
 27923  20546.06 
 31779  77012.64 
 75887  13336.85 
 52468  46132.78 
 68386  42128.19 
 44895  10429.21 
 52334  20919.69 
 63526  63892.35 
 33051  52903.69 
 29999  22744.75 
 52707  8692.77 
 66388  44250.24 
 70270  14026.63 
 62245  12675.80 
 8386  44252.64 
 37606  68888.50 
 57931  1514.70 
 78220  68977.12 
 36011  41651.57 
 71008  34444.75 
 7213  15245.73 
 56525  7224.58 
 22065  65825.19 
 13792  37872.12 
 5258  72461.97 
 51182  54379.06 
 2111  58204.02 
 54226  26030.81 
 10688  36411.12 
 77908  12778.79 
 463  3802.00 
 63447  43696.97 
 51340  43383.22 
 10175  42798.82 
 36612  68866.95 
 45795  59744.06 
 39415  37043.42 
 34473  3433.16 
 62992  2752.96 
 49622  77815.00 
 67298  58124.98 
 16637  19137.75 
 69528  1543.44 
 9397  60594.32 
 6894  33829.21 
 55186  75458.23 
 41022  51052.29 
 68520  60100.93 
 60518  8673.61 
 24251  56132.27 
 2827  25252.41 
 48664  4630.70 
 65907  31968.23 
 68053  64682.73 
 76342  69166.33 
 27643  5619.88 
 66747  15885.22 
 6470  10235.21 
 73408  10565.73 
 63820  7243.74 
 29707  34969.28 
 6132  27213.98 
 42325  76428.24 
 8781  34430.38 
 42178  46858.49 
 5579  2312.26 
 38837  10311.85 
 36176  19037.15 
 48928  54460.50 
 13569  13791.91 
 63897  43888.58 
 3131  67482.59 
 69461  3246.34 
 24769  35048.31 
 11241  33939.39 
 77185  71094.38 
 32778  41531.82 
 23734  1119.51 
 17193  61090.10 
 38835  71858.41 
 14350  44983.14 
 77192  2757.75 
 35444  57327.42 
 6590  49335.01 
 12024  53490.49 
 43726  58637.53 
 49512  31941.89 
 73061  70589.02 
 45644  50731.35 
 78062  15116.40 
 59555  32595.74 
 29350  18253.96 
 31070  28243.87 
 46463  44403.53 
 514  76950.37 
 41055  73990.04 
 56381  20086.20 
 50645  14567.92 
 62486  54879.64 
 78337  73774.48 
 40056  29539.61 
 19737  7322.78 
 633  72126.66 
 62163  10975.29 
 26819  4918.11 
 18371  21578.34 
 24539  58208.81 
 20357  39119.96 
 22383  21341.23 
 15251  39977.40 
 49254  51217.55 
 17988  52805.49 
 73482  40700.72 
 53874  65966.50 
 54916  60773.95 
 19131  24009.36 
 43759  34590.85 
 40720  53006.68 
 63744  58541.73 
 72323  73520.60 
 27331  77824.58 
 14106  39745.08 
 48384  17758.18 
 34969  42046.76 
 65823  20071.83 
 30438  20352.06 
 7004  1842.82 
 13878  52161.21 
 32179  69904.02 
 60297  20857.42 
 48236  66601.20 
 30790  20543.66 
 73657  15166.69 
 51285  67561.63 
 14992  54510.79 
 11660  4096.60 
 44368  62069.69 
 667  47555.46 
 59909  65923.39 
 21169  45756.75 
 46370  75197.16 
 37860  10690.28 
 53361  37529.62 
 36176  69319.62 
 38794  43799.96 
 45800  49711.04 
 21542  76212.68 
 42904  58793.21 
 6144  47775.81 
 76972  72469.16 
 45002  57143.00 
 65442  51354.07 
 57945  37230.24 
 72886  15602.60 
 10005  55725.10 
 47108  22368.72 
 67284  53526.41 
 64283  28792.35 
 76057  43787.99 
 55550  54939.52 
 25518  28471.40 
 67188  1715.88 
 54487  27240.33 
 26745  9104.73 
 14376  24981.76 
 67291  3366.10 
 52554  75810.31 
 68213  24929.07 
 30907  55902.34 
 14113  64079.17 
 28601  9408.90 
 65674  54369.48 
 57684  30341.97 
 60446  6613.84 
 63389  75362.43 
 5874  70047.73 
 64338  63022.94 
 26764  32624.49 
 13349  26543.36 
 73772  9140.65 
 18893  47823.71 
 52691  23980.62 
 36972  53658.14 
 53182  1790.13 
 65902  65221.63 
 2561  70375.85 
 32251  39963.03 
 71439  20684.97 
 8015  53952.74 
 58022  25726.63 
 25719  42293.45 
 19684  50590.04 
 53107  2621.23 
 64723  55396.98 
 21921  36279.39 
 3201  71494.36 
 1551  33388.52 
 66067  55238.90 
 19662  24581.78 
 16762  12309.35 
 12956  63825.29 
 61931  61492.47 
 38069  37199.10 
 22196  67566.42 
 48509  67199.97 
 12652  3375.68 
 73973  23846.49 
 35762  42880.25 
 29477  67863.41 
 9790  54103.63 
 69111  30866.49 
 68354  5188.76 
 5517  28756.42 
 64292  10704.65 
 44097  34744.14 
 75549  40255.23 
 18858  23379.45 
 61411  57066.35 
 6750  60146.44 
 74392  59221.93 
 56784  64428.85 
 39395  6407.86 
 27212  33074.76 
 34581  46628.56 
 13931  59957.22 
 7071  5468.98 
 8937  75472.60 
 14877  43543.69 
 56796  54024.59 
 6686  32032.90 
 18865  64079.17 
 73899  22799.84 
 56269  45526.82 
 29611  69379.50 
 78040  23139.94 
 33755  48709.89 
 50262  13011.11 
 20321  15839.71 
 40507  16802.54 
 38313  14948.74 
 9785  67058.66 
 47155  35817.14 
 31410  12079.43 
 22515  59353.66 
 7251  23836.91 
 11988  18074.33 
 31585  26308.64 
 54829  7483.25 
 2195  47974.60 
 76074  24876.38 
 21334  9739.43 
 61639  42485.06 
 29190  10302.27 
 75394  5322.88 
 55550  12606.35 
 32335  11322.58 
 3182  71870.39 
 44605  28670.20 
 34696  8860.43 
 77259  35774.03 
 5514  61296.08 
 44427  17288.74 
 34988  4379.22 
 24567  73724.19 
 30404  78411.37 
 77343  78085.64 
 20522  37285.33 
 47160  405.77 
 55131  48197.34 
 13100  19638.32 
 36109  70323.16 
 43723  52628.26 
 41585  30107.25 
 73401  17159.41 
 17509  10802.84 
 49836  66328.16 
 26086  27087.04 
 70680  70775.83 
 3879  15018.20 
 31032  18898.24 
 62051  590.19 
 69387  62251.72 
 46111  56896.30 
 78093  71178.21 
 15516  13128.47 
 36794  17722.25 
 46506  16606.14 
 62762  30667.70 
 76807  27477.44 
 53009  27051.12 
 636  53646.17 
 9622  40978.55 
 26289  68843.00 
 59878  55308.36 
 13615  8733.49 
 6873  64675.55 
 1120  43687.39 
 12137  38710.40 
 12209  31958.65 
 48458  42983.24 
 16055  1.00 
 38354  29637.81 
 16173  4297.79 
 42950  26083.50 
 43489  44226.29 
 62316  76765.95 
 26943  28418.71 
 67696  38530.77 
 24773  71772.19 
 62094  75757.61 
 4664  26775.68 
 4921  72200.91 
 48358  17499.51 
 24948  61434.99 
 11952  16603.75 
 50940  49809.24 
 66807  76742.00 
 69068  78092.83 
 53577  41546.19 
 57960  72929.02 
 16067  33618.45 
 25695  20387.98 
 4401  73865.50 
 62894  12711.73 
 23011  51069.05 
 51356  72665.56 
 18050  44180.78 
 41206  12979.98 
 73415  18764.11 
 72658  20079.02 
 3591  77218.62 
 62946  22086.10 
 3699  48846.41 
 25719  21465.77 
 53814  70270.47 
 66192  1687.14 
 51819  429.72 
 26934  18584.48 
 20017  27063.09 
 32715  27616.36 
 5306  73429.59 
 4164  57701.05 
 38387  48245.25 
 16503  47371.04 
 7256  38763.09 
 44080  32387.37 
 45929  57011.27 
 25097  604.56 
 37903  8764.62 
 42993  24715.91 
 12534  44659.80 
 67741  67140.09 
 33880  930.29 
 73794  67693.36 
 25909  51279.82 
 56353  22253.76 
 17286  21611.87 
 56417  35177.65 
 72361  38528.38 
 30232  53679.70 
 77607  41804.86 
 65923  51775.60 
 62879  46904.00 
 76673  58041.15 
 49488  21973.53 
 22568  9993.30 
 25945  9643.62 
 25921  6573.12 
 63665  64419.27 
 19521  78217.37 
 74749  8115.56 
 19241  46001.05 
 8920  65322.22 
 32548  2046.40 
 70251  26852.33 
 66546  20586.78 
 24127  43694.58 
 31901  24313.53 
 427  71590.16 
 6235  63509.14 
 58326  48479.96 
 25552  49052.39 
 55361  22421.41 
 24206  60050.63 
 68465  36250.65 
 33748  31779.02 
 5838  6884.48 
 5476  23156.71 
 69976  33359.78 
 73370  26387.68 
 4410  37299.70 
 72814  47133.93 
 40207  33259.18 
 73631  45663.34 
 62079  11068.70 
 36447  74972.03 
 67121  21322.07 
 37019  49327.83 
 5685  73963.69 
 30816  28629.48 
 36876  48729.05 
 53110  59609.94 
 72958  12196.79 
 62371  66859.87 
 37606  41474.33 
 8219  11952.49 
 26222  27740.90 
 38095  28794.74 
 66625  50834.34 
 11248  47177.04 
 2521  71527.89 
 39264  25307.49 
 61401  3514.59 
 44497  67861.01 
 39343  10548.96 
 55653  59171.63 
 18812  50214.01 
 16692  50137.36 
 2590  925.50 
 43474  8216.15 
 45726  21470.56 
 61291  12108.17 
 73705  46781.85 
 71621  49900.25 
 26982  31292.82 
 59758  31323.95 
 69403  525.52 
 6805  36243.46 
 9538  31101.21 
 37961  75855.81 
 26907  4637.89 
 71834  16505.55 
 47019  40573.78 
 23001  41397.69 
 14182  40688.75 
 1005  24129.11 
 54116  35144.12 
 66831  72859.56 
 28467  76816.24 
 10396  69695.65 
 63167  39493.60 
 44202  71700.34 
 61560  28775.58 
 51376  25946.98 
 19689  34660.31 
 9842  37153.60 
 17983  5512.10 
 15691  32775.38 
 58592  71178.21 
 16034  64064.80 
 35329  54403.02 
 28864  9468.78 
 5390  38827.76 
 18493  75884.55 
 29631  34016.03 
 47038  822.51 
 64448  34832.76 
 27525  77582.67 
 35343  6841.37 
 13037  22945.94 
 25887  74763.65 
 33511  65204.86 
 5766  53203.08 
 22211  36573.98 
 51943  9454.41 
 20711  62975.03 
 15689  55727.50 
 27207  47945.86 
 60441  40358.22 
 69356  52477.37 
 2947  3778.05 
 23456  23262.09 
 59890  28215.13 
 75121  29367.17 
 69174  33002.91 
 8999  9171.79 
 23475  28030.71 
 27820  30658.12 
 5531  43033.54 
 32624  66852.68 
 8310  9780.14 
 64422  54091.65 
 5488  70589.02 
 16364  19710.17 
 49064  20593.96 
 61013  26569.70 
 53210  5284.56 
 58693  34945.33 
 61397  3567.29 
 19392  57059.17 
 28107  60829.04 
 41194  76921.63 
 69111  58038.76 
 71039  32243.67 
 54621  39553.47 
 29861  37484.12 
 48731  42590.44 
 20026  46015.42 
 77015  58692.62 
 58360  72244.02 
 19337  11895.00 
 72967  14730.79 
 71834  69980.66 
 78043  44164.02 
 63696  74794.79 
 9121  47862.03 
 34711  56156.22 
 74771  36449.44 
 45318  65937.76 
 8448  4381.61 
 55486  41098.30 
 38545  51191.20 
 41635  51339.70 
 76783  39991.77 
 10712  70488.42 
 21461  70979.42 
 2159  19650.30 
 30203  26181.70 
 50791  6120.45 
 48492  12620.72 
 44351  14900.84 
 38579  38581.07 
 76668  75570.80 
 38085  43819.12 
 52906  4381.61 
 1704  31084.44 
 11138  58263.90 
 46506  7128.78 
 73717  30991.04 
 33978  29910.85 
 1496  11722.56 
 51081  70198.62 
 11275  22260.94 
 17121  62778.64 
 4123  26636.77 
 57200  12376.42 
 42238  40808.50 
 26007  58666.27 
 6765  30950.32 
 58156  51526.52 
 18544  34490.26 
 57955  32054.45 
 25140  35424.34 
 4789  71784.16 
 57553  28009.15 
 7284  2300.28 
 30919  35857.85 
 20393  77587.46 
 43249  49639.19 
 42095  40542.64 
 46435  42801.21 
 76062  68898.08 
 585  28524.10 
 49062  51730.10 
 13790  3399.63 
 68247  43960.43 
 8700  54965.86 
 29834  76593.50 
 66163  7706.00 
 63097  51119.35 
 45503  61880.48 
 36349  14814.62 
 24120  73163.74 
 1232  54228.17 
 77489  26234.39 
 37472  25096.73 
 468  56620.87 
 40176  4082.23 
 2415  62529.55 
 30893  32504.73 
 73164  7808.98 
 43311  37385.92 
 72675  16004.97 
 7878  69686.07 
 46470  22488.48 
 20414  18421.62 
 72771  46630.96 
 6302  39270.85 
 6791  66179.66 
 28641  71571.00 
 76225  6479.71 
 16525  74708.57 
 24972  3893.02 
 4825  64131.86 
 35101  43364.06 
 54063  8367.04 
 25410  71329.10 
 3  1471.58 
 7158  76279.74 
 6592  65918.60 
 57363  60939.21 
 31353  381.82 
 418  26270.32 
 40174  40123.50 
 26699  48187.76 
 22397  75987.54 
 63009  17837.22 
 73473  4841.47 
 65315  68114.89 
 66977  56225.68 
 68848  1543.44 
 46621  57818.41 
 47057  76409.08 
 75147  16254.06 
 62553  53552.76 
 42931  34039.98 
 55253  38003.85 
 56760  55576.61 
 64757  17834.82 
 28002  52953.99 
 75207  64733.03 
 22450  45728.01 
 44219  60781.13 
 69530  16014.55 
 10463  52642.63 
 51373  54884.43 
 56695  19101.82 
 17555  16558.24 
 22776  74722.94 
 54853  36684.16 
 1215  52534.85 
 57823  13923.64 
 18618  37855.36 
 20707  39014.58 
 14034  11380.06 
 19238  27503.79 
 8779  16656.44 
 31959  69410.63 
 9069  30332.39 
 25334  65937.76 
 6899  8537.09 
 59888  9540.63 
 12990  72600.89 
 56786  26852.33 
 16276  51732.49 
 2370  49600.87 
 39221  72483.53 
 73130  38087.68 
 26498  78447.30 
 45917  73036.80 
 50221  48465.59 
 65792  63123.53 
 19885  52513.29 
 17296  32092.78 
 8084  29977.91 
 42456  26483.48 
 66218  77611.41 
 648  58477.06 
 13399  33151.40 
 21243  66649.10 
 34857  5152.83 
 22642  73719.40 
 61543  7186.26 
 34687  53205.47 
 23039  33029.26 
 61361  76421.05 
 44195  65190.49 
 65056  16354.66 
 9141  19190.44 
 65016  7674.86 
 74625  57741.77 
 67957  76097.72 
 65116  21520.86 
 58918  57933.37 
 37942  58805.19 
 5749  28052.26 
 29410  23451.30 
 26857  2683.50 
 14477  37388.31 
 47740  77077.31 
 52947  22565.12 
 37704  78313.17 
 6628  49155.38 
 73842  50314.60 
 56192  11284.26 
 67907  23460.88 
 67916  6194.70 
 51344  71935.06 
 59335  6601.86 
 69243  52992.31 
 49460  45196.30 
 29104  31256.89 
 51383  50391.24 
 46387  75944.43 
 62597  2925.40 
 63030  41665.94 
 26026  23314.78 
 65789  61255.36 
 9507  39472.04 
 72929  6827.00 
 27319  57171.74 
 38948  60156.02 
 65464  54848.50 
 23068  20759.22 
 48205  54486.84 
 64831  42140.17 
 72119  17940.20 
 34071  32135.89 
 17332  41996.46 
 75801  15456.50 
 39374  30581.48 
 33748  28536.07 
 31130  23800.98 
 42701  39678.02 
 29168  48264.41 
 45556  34296.26 
 46320  40528.27 
 32799  51869.01 
 49122  42315.01 
 16024  460.86 
 53124  42106.64 
 42097  55749.05 
 34430  54163.51 
 44356  57689.08 
 22845  45043.01 
 72893  45960.33 
 75041  63204.96 
 72498  33414.86 
 22213  24809.32 
 64185  59890.16 
 24781  60685.33 
 55890  38317.61 
 23619  14254.17 
 67339  43069.46 
 62060  15672.06 
 65567  3085.87 
 39091  15616.97 
 39153  77587.46 
 4698  47040.52 
 7629  49071.55 
 28627  40078.00 
 37146  31661.66 
 47225  16656.44 
 58894  44674.17 
 53785  39385.82 
 32239  43122.15 
 16826  34907.00 
 13588  74088.24 
 48674  43517.34 
 45175  31630.52 
 51797  73501.44 
 52532  13324.87 
 71652  33443.61 
 57323  44827.46 
 34066  19738.92 
 30979  18565.32 
 17454  19918.55 
 9735  25618.85 
 51821  15272.08 
 31971  43323.34 
 45472  14364.34 
 47508  20969.99 
 8623  59085.41 
 66208  32492.76 
 76059  48781.75 
 67571  47311.16 
 27168  51957.63 
 17181  8513.14 
 2983  9301.12 
 61136  5006.73 
 78023  46927.95 
 66982  49579.31 
 72651  68124.47 
 73530  34286.68 
 10597  77925.17 
 33204  3016.42 
 17447  65796.45 
 16894  56915.46 
 64795  37438.61 
 49831  32499.94 
 3931  41256.38 
 42037  73266.72 
 58317  74150.51 
 2221  37105.69 
 21257  26138.59 
 56820  37548.79 
 74891  19334.15 
 70673  61195.48 
 64180  45071.75 
 39168  17523.46 
 63598  39546.29 
 28055  47014.17 
 11960  8074.84 
 45953  10872.30 
 75844  4170.85 
 38433  28751.63 
 66457  44410.71 
 74744  46058.53 
 41259  765.03 
 52813  61720.01 
 22802  22201.07 
 13816  18309.05 
 24304  36152.45 
 78009  43622.73 
 41031  58843.51 
 72903  45555.56 
 19772  22014.25 
 62906  55775.40 
 14851  60261.40 
 46490  10086.71 
 72057  44983.14 
 29964  47023.75 
 48978  15502.01 
 78107  12606.35 
 11809  57909.42 
 59608  37615.85 
 4492  26476.30 
 21739  11995.60 
 65696  12632.69 
 48933  58196.83 
 74270  72826.03 
 68757  63521.11 
 63313  41754.56 
 29633  59360.85 
 34033  61276.92 
 50480  56726.25 
 66565  61638.57 
 24828  27247.51 
 72836  2523.03 
 6238  51722.91 
 67090  52316.89 
 72670  69662.12 
 63758  1739.83 
 54930  36712.90 
 7402  72497.90 
 24309  1926.65 
 21595  62668.46 
 40931  48453.62 
 47314  9722.66 
 58015  1996.11 
 21011  19259.90 
 53114  27872.63 
 55320  7409.01 
 25882  58956.08 
 46006  65736.57 
 11902  38650.53 
 51610  77661.71 
 66041  19918.55 
 6178  1502.72 
 50947  63968.99 
 33001  77043.78 
 47460  78394.61 
 76699  16275.62 
 45316  9255.62 
 43148  45349.59 
 44832  55990.96 
 27844  33101.11 
 12798  67940.05 
 17116  44025.10 
 38430  67370.02 
 55495  42219.21 
 54118  37484.12 
 28165  43675.42 
 16206  57020.85 
 51814  13063.81 
 67519  18673.10 
 73456  17552.20 
 7198  12932.08 
 62939  12302.17 
 22532  65207.25 
 26541  5639.04 
 46281  72370.96 
 50183  56987.31 
 8108  39299.59 
 70536  70802.18 
 70235  48827.25 
 53421  16757.03 
 55112  65715.01 
 42372  68562.77 
 59076  28313.33 
 50384  35982.40 
 47108  14584.69 
 42566  15291.24 
 30234  72890.70 
 61193  63188.20 
 33377  53535.99 
 34529  34542.95 
 42531  51768.42 
 27269  57368.13 
 2351  71645.25 
 3069  38549.93 
 53023  70794.99 
 13974  7914.37 
 57284  15755.89 
 44205  8101.19 
 19078  9231.67 
 30651  3596.03 
 52350  40377.38 
 72402  7583.85 
 10281  47366.25 
 17447  36662.60 
 23375  319.55 
 8501  13595.52 
 16206  65942.55 
 77381  12953.63 
 528  12637.48 
 55926  28071.42 
 77947  36411.12 
 11900  46523.18 
 66249  47351.88 
 44945  5018.71 
 37027  67853.83 
 43448  18476.70 
 30610  38128.40 
 42425  61746.35 
 470  32030.50 
 56724  48171.00 
 58230  42003.65 
 29638  32789.75 
 30857  22325.61 
 26946  71688.36 
 49333  55734.68 
 60748  14704.44 
 3155  76914.44 
 65535  18711.42 
 50837  38197.85 
 38715  18100.68 
 20740  29455.79 
 4719  38485.26 
 49428  60282.96 
 50377  61142.79 
 56393  36710.50 
 12192  68454.99 
 9893  32983.75 
 4995  76665.35 
 74016  56441.23 
 38382  1359.01 
 1709  33879.51 
 67444  25297.91 
 3189  2242.80 
 58326  58316.59 
 21559  54838.92 
 2463  57633.99 
 37451  25879.92 
 9440  33752.57 
 61078  34200.45 
 19859  19130.56 
 633  63877.98 
 53023  2036.82 
 27449  16505.55 
 59897  24299.16 
 57177  61011.06 
 60748  52915.67 
 66220  47337.51 
 30280  59712.92 
 19581  7399.43 
 52758  75992.33 
 30637  38739.14 
 52935  28452.24 
 78366  24648.84 
 17703  65152.17 
 59524  76090.53 
 14278  566.24 
 50652  30164.73 
 56527  1148.25 
 66237  67700.54 
 67066  41716.24 
 51251  78358.68 
 65162  18675.50 
 22230  71297.96 
 43316  12357.26 
 74812  44575.97 
 54899  73137.39 
 15006  41730.61 
 54264  43847.87 
 58659  64412.09 
 11665  48855.99 
 1941  20119.73 
 1385  43335.32 
 33942  1811.69 
 576  73317.02 
 44804  58132.17 
 39010  32523.89 
 51127  64970.14 
 44827  17147.43 
 4724  34344.16 
 26476  64586.93 
 36845  58608.79 
 14417  63410.94 
 31786  69041.79 
 10374  33177.75 
 52925  19492.22 
 74048  70263.28 
 44159  46262.11 
 10245  1370.99 
 15897  37697.28 
 42078  2894.27 
 1874  48214.11 
 49553  30306.04 
 54140  48458.41 
 15013  22136.40 
 33422  53919.21 
 39486  56850.79 
 11541  65461.13 
 60017  72739.80 
 22826  824.91 
 64992  55780.19 
 59725  70785.41 
 74191  70069.28 
 69784  52448.62 
 52760  15564.28 
 64369  32380.19 
 46080  57377.71 
 17864  51763.63 
 76876  41675.52 
 60077  49073.95 
 13061  19714.96 
 12769  43888.58 
 46420  38063.73 
 28735  73733.77 
 28541  60829.04 
 50149  63037.31 
 30744  65540.17 
 1594  77903.61 
 60477  1236.87 
 4104  46978.24 
 45177  42861.09 
 14211  30028.21 
 56676  45639.39 
 57921  35991.98 
 3503  46264.51 
 71183  1229.68 
 19911  8216.15 
 45867  28495.35 
 72668  30169.52 
 42229  6189.91 
 14360  78128.75 
 60506  42635.95 
 17023  67837.06 
 38964  50058.33 
 24874  64436.04 
 49551  70028.57 
 43541  13229.07 
 16656  67446.66 
 61540  24265.63 
 50403  5.79 
 8719  75209.14 
 13667  67429.90 
 38569  76718.05 
 42068  63858.82 
 47963  28124.12 
 8281  13684.13 
 55428  30385.08 
 42344  72385.33 
 37561  41079.14 
 20790  67597.55 
 59914  1706.30 
 57842  36698.53 
 8247  65104.27 
 68431  17121.08 
 70431  62098.43 
 43845  53262.95 
 19198  54185.06 
 51644  10402.86 
 15634  12632.69 
 30898  2537.40 
 41843  78394.61 
 42564  4261.86 
 54810  71060.85 
 25801  2999.65 
 10451  15176.27 
 33930  46532.76 
 44748  38243.36 
 870  50934.93 
 39486  74495.40 
 11744  58110.61 
 36689  4795.97 
 49994  23187.84 
 22924  38851.71 
 37748  56424.47 
 76742  8043.70 
 5095  42904.20 
 28189  43502.97 
 27755  35577.63 
 16132  51943.26 
 4231  31014.99 
 72055  71542.26 
 10724  52494.13 
 37568  19092.24 
 49182  13123.68 
 63318  47402.18 
 5191  48182.97 
 14211  24212.94 
 43802  4527.72 
 69200  57895.05 
 62510  31987.39 
 55675  31858.06 
 77575  22799.84 
 42202  72919.44 
 5953  966.22 
 43568  72536.22 
 12676  70917.14 
 27647  29163.58 
 42935  65264.74 
 40155  37012.29 
 22611  12493.78 
 67114  41325.84 
 52851  73197.27 
 492  69017.84 
 41925  45435.81 
 33192  34538.16 
 61955  70167.48 
 43733  65236.00 
 10532  47397.38 
 23427  53696.46 
 21703  21844.20 
 27921  9157.42 
 49395  69070.53 
 57739  72466.76 
 67811  57274.73 
 76366  40058.84 
 18127  13197.93 
 21080  8307.16 
 4295  54690.43 
 15092  21659.78 
 24220  68977.12 
 8348  21990.30 
 53040  61229.01 
 75808  23125.57 
 269  18306.65 
 51213  2863.13 
 43527  55317.94 
 39031  64316.28 
 75856  3732.55 
 11744  44961.58 
 25054  72071.58 
 35161  67032.31 
 17435  11265.10 
 35221  30373.10 
 25475  63808.52 
 21166  12294.98 
 12247  30109.64 
 70948  46480.07 
 55177  45045.41 
 51903  68181.95 
 49333  25987.70 
 30768  67441.87 
 42394  51121.75 
 11849  60371.57 
 16735  42001.25 
 35843  77115.63 
 13780  67372.41 
 63025  12031.52 
 43929  34617.20 
 45400  5605.50 
 49345  7370.68 
 3941  26385.28 
 69253  72634.42 
 44653  28782.77 
 11742  54134.77 
 51050  61391.88 
 45002  35817.14 
 7102  53545.57 
 70213  30126.41 
 60362  67396.36 
 73854  68934.01 
 23597  36969.17 
 57081  72014.09 
 14587  16862.42 
 5732  64572.56 
 48806  40559.41 
 11315  20289.79 
 49198  61645.76 
 64735  58302.22 
 49891  19650.30 
 25535  35170.46 
 17399  32976.56 
 73212  45050.20 
 8056  54237.75 
 24376  5837.83 
 6700  10759.73 
 19835  1466.79 
 8365  1028.49 
 23533  28988.74 
 1996  154.29 
 9629  35845.88 
 25449  57847.15 
 6211  73151.76 
 29348  49579.31 
 66848  37721.23 
 32950  42863.48 
 44839  5955.19 
 74136  25410.48 
 26146  4352.87 
 44301  57119.04 
 40179  62888.81 
 8997  63540.27 
 61397  23868.05 
 6336  18828.78 
 19610  30904.81 
 2504  49754.15 
 47129  72009.30 
 16664  31575.44 
 52832  50705.00 
 74321  12431.50 
 28476  14896.05 
 1443  16740.27 
 20395  55408.95 
 52585  14955.93 
 73125  53231.82 
 30859  22816.60 
 19921  43110.18 
 12012  18668.31 
 54554  38360.72 
 16534  34435.17 
 75760  6043.81 
 15445  30332.39 
 72955  14584.69 
 46607  65851.53 
 15459  65786.87 
 22184  63190.59 
 22680  25709.87 
 24285  68066.99 
 62357  29656.97 
 41599  68617.86 
 32759  49150.59 
 22551  41943.77 
 25317  16416.93 
 61064  73748.14 
 53967  57535.79 
 20814  43423.93 
 67916  32289.17 
 62216  54264.10 
 5047  50901.40 
 43795  2348.19 
 74761  66914.95 
 47017  13185.96 
 7246  59456.65 
 74752  61202.67 
 47884  2908.64 
 73612  30215.03 
 791  38422.99 
 57026  21163.99 
 42056  45371.14 
 66570  46233.37 
 77513  47380.62 
 62348  14390.69 
 31432  23211.79 
 29334  10747.76 
 38476  7770.66 
 76531  48171.00 
 21444  73726.58 
 31039  78411.37 
 60142  58826.74 
 30462  68979.52 
 13555  42010.83 
 46176  69765.11 
 36179  20759.22 
 76287  75613.91 
 58276  28205.55 
 39513  1291.95 
 27801  5770.77 
 10166  45917.22 
 4111  41984.49 
 60827  36681.76 
 17598  57808.83 
 38995  69523.20 
 41084  20021.54 
 35503  16237.30 
 65576  76871.33 
 65794  58766.86 
 76881  49497.88 
 35875  55610.14 
 4128  27757.67 
 5162  58010.02 
 64570  12769.21 
 12946  16352.26 
 6094  40940.23 
 30069  52640.23 
 26206  65935.36 
 8868  45787.89 
 63914  13109.31 
 43639  62591.82 
 7768  67690.96 
 65262  67187.99 
 27940  41570.14 
 24038  49438.00 
 43901  77503.63 
 62884  25326.65 
 46981  44410.71 
 65248  29527.64 
 53981  39548.68 
 41994  24141.09 
 76867  57569.32 
 35242  707.55 
 61950  65044.39 
 61639  42530.57 
 26687  31573.04 
 28785  75067.83 
 33496  57334.60 
 68750  13157.22 
 71796  69743.55 
 45237  32887.95 
 37029  13844.61 
 12487  28751.63 
 34850  9121.49 
 68560  24371.01 
 22009  63185.80 
 46887  48127.89 
 32361  70699.19 
 178  64725.84 
 78019  1926.65 
 36976  43637.10 
 32318  67540.07 
 72551  49181.72 
 75750  57643.57 
 16482  40710.30 
 49472  74653.48 
 16822  52515.69 
 24175  52903.69 
 27492  49502.67 
 36500  49136.22 
 45388  49763.73 
 45086  30974.27 
 48420  45569.93 
 20438  48767.37 
 39175  78401.79 
 43546  67290.98 
 10240  78097.62 
 13457  28754.02 
 439  57147.79 
 15981  51471.43 
 58005  34753.72 
 11952  1440.45 
 44502  46257.32 
 54175  67779.58 
 37328  4975.60 
 5431  9650.81 
 8860  7468.88 
 45129  39807.35 
 10971  64459.99 
 73693  70586.62 
 13907  5425.87 
 8597  52072.60 
 379  30198.26 
 22934  11799.20 
 13198  65724.59 
 52025  14309.25 
 51014  49411.65 
 51922  62577.45 
 59854  3557.70 
 21363  2695.47 
 71983  60282.96 
 15315  3200.84 
 33412  7717.97 
 24996  22260.94 
 77954  8096.40 
 30962  11401.62 
 4336  17954.58 
 25693  53780.29 
 48418  31939.49 
 76780  66670.65 
 58958  14690.07 
 70239  71257.25 
 32236  72596.10 
 68306  31527.54 
 55773  43845.47 
 57965  29965.94 
 26553  379.42 
 24553  17236.05 
 19356  55279.62 
 68474  60512.88 
 22455  27484.63 
 8228  13782.33 
 73248  25724.24 
 71322  5600.71 
 60487  70617.76 
 75770  39795.38 
 68687  52290.55 
 37915  26129.01 
 60482  25994.88 
 1725  27568.46 
 7977  24124.32 
 63212  614.14 
 53649  14900.84 
 33240  71084.80 
 6791  49466.74 
 26359  72421.26 
 32035  50446.33 
 6199  16745.06 
 30821  68457.39 
 45946  68811.86 
 43275  67310.14 
 40840  44928.05 
 34658  64347.42 
 3280  67793.95 
 59660  530.31 
 69942  44892.12 
 31987  9866.37 
 17277  72239.23 
 14031  70294.42 
 4688  59003.98 
 18654  19578.44 
 65832  46971.06 
 2403  17063.60 
 67277  69664.51 
 62472  1926.65 
 9442  4918.11 
 25540  33838.80 
 34627  70744.70 
 10465  66665.86 
 17016  63830.08 
 54240  20895.74 
 61516  31094.02 
 69193  39563.05 
 59742  2664.34 
 25981  66795.20 
 22374  64091.14 
 60709  46408.21 
 42590  44264.61 
 8305  36650.63 
 40109  18356.95 
 22522  47342.30 
 24139  38961.89 
 58115  72768.55 
 4499  59322.53 
 32536  48077.59 
 53773  31426.94 
 12281  45572.33 
 42152  44137.67 
 43814  46250.14 
 18719  13257.81 
 72886  73855.92 
 54516  44367.60 
 43079  26821.19 
 50233  38576.28 
 68079  73817.59 
 50492  54446.13 
 62053  6530.01 
 76335  74701.38 
 56947  63487.58 
 17998  63106.76 
 41640  48915.87 
 12170  58893.80 
 2398  45301.68 
 40763  16900.74 
 19863  14464.93 
 38696  4096.60 
 3239  16237.30 
 32533  68215.48 
 15674  66141.34 
 27851  75290.57 
 65167  26955.31 
 30455  9030.48 
 1050  46741.13 
 76304  8532.30 
 38526  54601.81 
 27391  9456.81 
 39870  4053.49 
 28730  70220.17 
 36794  3088.27 
 49472  71111.15 
 44193  58730.94 
 31173  24859.61 
 1543  66400.01 
 8027  456.07 
 11241  7267.70 
 73949  35481.82 
 62053  42164.12 
 32217  59020.74 
 34742  72802.08 
 15251  43426.33 
 41429  28504.94 
 26646  14582.29 
 12142  56831.63 
 6975  60520.07 
 71267  71163.84 
 23617  46453.72 
 67995  31146.72 
 67063  39395.40 
 38919  16661.23 
 74292  51722.91 
 45359  58536.94 
 54037  28306.14 
 64812  42360.52 
 71200  20802.33 
 27259  41048.01 
 43795  61061.36 
 47812  58333.35 
 51419  69614.22 
 4695  9684.34 
 9852  17552.20 
 5206  21609.48 
 38708  49938.57 
 25305  70759.07 
 62767  4190.01 
 30086  64016.90 
 52386  72124.27 
 37951  8893.96 
 71525  77082.10 
 23111  41203.69 
 47555  56568.17 
 61013  37797.87 
 1086  14249.38 
 61914  72519.46 
 22098  40597.73 
 46595  30476.09 
 24273  195.00 
 73995  31187.43 
 54987  63497.16 
 68429  54197.04 
 15619  25331.44 
 68793  25307.49 
 40507  22129.21 
 48743  12716.52 
 75312  40808.50 
 65648  64620.46 
 60099  46470.49 
 44284  43907.74 
 42650  5401.92 
 31559  11763.27 
 57727  60910.47 
 71255  24651.24 
 39601  59971.59 
 64206  53466.54 
 74395  22464.52 
 18577  66548.50 
 3895  44595.13 
 35424  43565.24 
 21581  51059.47 
 41810  40437.26 
 16750  6568.33 
 29274  72315.87 
 13888  59502.16 
 25140  13262.60 
 12537  51095.40 
 5124  64474.36 
 5119  60366.78 
 73410  27637.91 
 47658  5603.11 
 19931  54285.66 
 62072  51018.76 
 72206  8965.81 
 29837  74873.83 
 67878  38643.34 
 20235  26184.10 
 42540  35517.75 
 6604  54089.26 
 8350  36257.83 
 12637  39584.61 
 34490  29724.03 
 71178  3579.26 
 53069  38906.80 
 66707  666.83 
 30622  47885.98 
 42713  30859.31 
 7328  11741.72 
 24860  69777.08 
 16187  69547.15 
 19653  43225.14 
 12197  21137.65 
 24294  3629.56 
 59150  71396.16 
 1134  20296.97 
 40840  19156.91 
 44796  41000.11 
 7593  71700.34 
 67533  21676.54 
 32471  69511.23 
 15720  32353.84 
 60249  66864.66 
 21487  8225.73 
 36148  73166.13 
 11294  31240.13 
 12645  17008.52 
 58975  26308.64 
 50427  13904.48 
 63294  71400.95 
 4214  37575.13 
 37530  48683.55 
 29805  17511.48 
 62019  71427.30 
 19497  12136.91 
 9974  21408.29 
 57931  67559.23 
 59500  23930.32 
 27037  39072.06 
 61646  38279.29 
 59739  5732.44 
 33120  76758.76 
 49565  63971.39 
 439  14946.35 
 72759  52070.20 
 51483  35453.08 
 8575  32023.32 
 76950  39939.08 
 57349  40073.21 
 57660  13473.37 
 49608  10929.78 
 66290  68395.12 
 30675  35057.89 
 54664  32741.84 
 14007  48982.93 
 7847  57269.94 
 53517  59777.59 
 65293  65633.58 
 19279  3675.06 
 13059  71087.19 
 69938  26049.97 
 23296  47562.65 
 28955  47246.49 
 4528  44360.41 
 70687  29381.54 
 66762  17070.79 
 60158  44032.29 
 14314  63945.04 
 30967  64768.95 
 56494  69537.57 
 8535  75618.70 
 21138  72574.54 
 14970  27005.61 
 45982  46017.81 
 32404  73271.51 
 32857  13868.56 
 54781  73975.67 
 54858  55935.87 
 4899  48779.35 
 21780  26406.84 
 39103  18718.61 
 9100  28583.97 
 74694  60417.08 
 26740  58968.05 
 4180  26260.74 
 4995  19985.61 
 59308  71020.13 
 29571  5730.05 
 42145  25312.28 
 33535  19458.69 
 25422  12041.10 
 76795  47490.79 
 62182  32310.73 
 28543  40667.19 
 15749  53650.96 
 18735  21659.78 
 32438  53629.40 
 3107  26270.32 
 21118  60565.58 
 43271  18531.79 
 74728  36818.28 
 38835  37086.53 
 40878  38731.96 
 42133  6364.75 
 19710  27889.40 
 49503  19398.81 
 74613  3179.28 
 7311  54862.87 
 70623  63710.33 
 25379  13729.64 
 45203  51919.31 
 44856  58338.14 
 64122  34954.91 
 51943  20263.44 
 45606  17978.53 
 6061  57313.05 
 75159  69020.23 
 24443  70272.86 
 46080  33800.47 
 70261  59779.99 
 11382  20198.77 
 171  32667.60 
 3642  45936.38 
 3237  68498.10 
 2178  29163.58 
 11129  18982.07 
 59787  6661.74 
 73561  348.29 
 12697  32768.19 
 43498  52585.14 
 41719  36142.87 
 16678  47184.22 
 17068  29233.04 
 26910  22380.70 
 72100  5816.27 
 49364  65441.97 
 24455  78437.72 
 68968  77989.84 
 11411  34107.04 
 10405  35072.27 
 36437  37366.76 
 71724  53686.88 
 8858  10939.36 
 2245  18160.55 
 14223  50920.56 
 64326  40171.41 
 42816  34602.83 
 22182  9626.86 
 12606  71523.10 
 74536  63578.60 
 20467  34353.74 
 74273  72418.86 
 9821  55626.91 
 10115  49002.09 
 44219  69951.92 
 55584  50867.87 
 61143  52319.29 
 20869  68502.90 
 60053  52360.01 
 44686  39443.30 
 69868  27043.93 
 7215  10326.22 
 65088  62886.42 
 50568  37242.21 
 39024  48297.94 
 1867  3502.62 
 10997  15044.54 
 6813  43941.27 
 18927  52494.13 
 11948  28191.18 
 31185  71788.96 
 11026  47847.66 
 64582  50281.07 
 27887  45974.70 
 49912  13061.41 
 24702  62991.80 
 45912  67997.53 
 42109  22236.99 
 29075  65065.94 
 53802  58311.80 
 17174  59672.21 
 77556  76085.74 
 67847  51988.77 
 25205  14364.34 
 46811  25063.19 
 69042  51447.48 
 41235  9440.04 
 65368  29094.13 
 57126  19774.84 
 68345  530.31 
 33254  62139.15 
 4006  1756.60 
 66149  57456.75 
 66704  10012.47 
 73597  36717.69 
 64779  72244.02 
 46935  61058.96 
 62573  76253.40 
 41050  65341.38 
 74663  10687.88 
 32102  20110.15 
 60702  29573.14 
 47634  61193.09 
 17291  68816.65 
 71209  40068.42 
 2542  56965.76 
 47730  27779.22 
 46770  75264.23 
 41003  48321.89 
 20395  18122.23 
 6377  24912.30 
 40370  71084.80 
 14824  20131.71 
 73511  66256.30 
 77396  26768.50 
 24378  52549.22 
 13981  18182.11 
 64896  62230.16 
 6492  64436.04 
 60338  76904.86 
 4384  45725.61 
 46403  58026.78 
 35343  25118.28 
 62649  24782.97 
 59938  27278.65 
 41237  44441.85 
 10379  49756.55 
 18381  39524.73 
 64870  73798.43 
 33209  61748.75 
 71056  37912.84 
 59924  73748.14 
 53708  12096.19 
 44315  45502.87 
 13703  65015.65 
 76572  34365.71 
 11715  62062.51 
 65133  35309.38 
 77884  63832.47 
 42238  55126.33 
 77520  71755.42 
 73530  40240.86 
 15957  25887.10 
 39065  33381.33 
 49244  57291.49 
 63167  31788.60 
 56008  16481.60 
 55395  729.11 
 77645  6929.99 
 3349  64335.44 
 69518  3325.38 
 28996  71824.88 
 34895  48166.21 
 44109  52295.34 
 4540  48135.07 
 57062  49816.42 
 70397  35996.77 
 24783  67164.04 
 14772  76409.08 
 66649  22627.39 
 77647  53559.94 
 12647  55794.56 
 49052  10165.75 
 44301  66503.00 
 34234  20023.93 
 66563  101.59 
 54  28222.32 
 40025  77089.28 
 37695  53876.10 
 10408  47380.62 
 19737  12230.32 
 24136  41977.30 
 37283  21954.37 
 1167  61770.30 
 59806  62007.42 
 67816  48362.61 
 46399  848.86 
 8051  9624.46 
 49826  39675.62 
 62609  25832.02 
 50947  2496.68 
 7799  1509.91 
 6669  26145.77 
 77568  9102.33 
 5953  62807.38 
 32797  69329.20 
 75281  41824.02 
 19892  57384.90 
 77446  65367.73 
 72062  70979.42 
 29904  51833.09 
 11696  65846.74 
 30857  6628.21 
 60513  36466.21 
 40797  20268.23 
 70251  18534.19 
 41891  74701.38 
 35010  13700.90 
 38109  13511.69 
 33499  54889.22 
 26064  70845.29 
 64771  41826.41 
 27339  38679.27 
 44736  35968.03 
 76790  57265.15 
 34615  16639.67 
 22194  9576.56 
 26838  22984.26 
 49972  33673.53 
 65892  75946.83 
 65746  75659.42 
 29619  20098.18 
 21722  55315.54 
 5431  13700.90 
 25952  58247.13 
 37594  1711.09 
 49534  7646.12 
 23039  77400.64 
 28826  34545.35 
 23035  67267.03 
 21765  57909.42 
 41592  9442.43 
 38148  28912.10 
 8798  17281.56 
 66285  57013.66 
 40229  21089.74 
 72807  67147.28 
 62513  77149.16 
 27171  10733.39 
 53435  10419.63 
 41570  44334.07 
 65119  21877.73 
 49939  50582.85 
 22970  6537.19 
 58537  34190.87 
 38581  76495.30 
 77863  61341.58 
 52010  34993.23 
 62077  19578.44 
 12546  60409.89 
 64410  63947.44 
 41252  32253.25 
 71427  64495.91 
 57747  71975.77 
 38560  19607.19 
 41161  44652.61 
 60688  64222.87 
 15303  44896.91 
 22932  75360.03 
 64659  5536.05 
 78090  15410.99 
 20654  59993.15 
 40236  73865.50 
 66580  32308.33 
 61119  21290.93 
 17028  78193.42 
 51033  54034.17 
 11423  66225.17 
 53881  32006.55 
 63547  36485.37 
 58283  15894.80 
 29405  32109.54 
 41862  26421.21 
 25284  71400.95 
 64714  48427.27 
 32929  47129.14 
 31939  7502.41 
 57948  6743.17 
 40040  35563.26 
 49218  50762.48 
 63727  46793.82 
 3637  67590.37 
 54918  39096.01 
 13380  33204.10 
 73763  63973.78 
 52111  73702.63 
 32327  24289.58 
 42176  77350.35 
 4959  47902.75 
 77678  16184.61 
 58120  26979.26 
 11265  57451.96 
 4334  12783.58 
 6159  55337.10 
 73537  55749.05 
 5538  14654.14 
 2705  3368.49 
 34701  18196.48 
 48411  43215.56 
 72967  32231.69 
 10535  70739.91 
 76572  43852.66 
 7234  3272.69 
 66695  2891.87 
 31163  61703.24 
 600  22126.82 
 65023  1988.92 
 46360  73008.05 
 62352  6594.68 
 37376  23075.27 
 2101  20550.85 
 61337  37124.85 
 29135  6762.33 
 18038  69211.84 
 25937  24260.84 
 22280  37263.77 
 40413  14158.36 
 35549  35242.32 
 51618  2067.96 
 53392  55540.68 
 27530  52362.40 
 17018  67786.76 
 12396  55179.02 
 69641  5212.71 
 20467  15777.44 
 12202  33834.00 
 23106  63806.13 
 70160  27755.27 
 41484  67269.43 
 20889  38552.33 
 3998  30842.54 
 49038  54149.14 
 8528  64548.61 
 65564  50350.53 
 20719  3679.85 
 72874  43095.81 
 40902  55914.32 
 38433  45886.08 
 6257  45086.13 
 54221  32820.88 
 68388  40202.54 
 29140  47162.67 
 42071  17686.33 
 5747  6494.08 
 78016  11231.56 
 34450  50705.00 
 21159  45351.98 
 68723  42132.98 
 56757  51322.93 
 70141  5801.90 
 27298  3375.68 
 1996  40688.75 
 22481  2946.96 
 57275  77230.59 
 17734  77956.31 
 14915  52537.24 
 64723  52752.80 
 32189  15255.31 
 65071  40554.62 
 40480  25166.18 
 2863  30430.59 
 52386  65837.16 
 59586  62443.32 
 38509  70821.34 
 74378  12359.65 
 33743  46321.99 
 49227  8683.19 
 73233  76847.38 
 63260  32504.73 
 68426  39824.12 
 40023  36851.81 
 8228  71429.69 
 7886  77822.18 
 46269  39912.74 
 41767  67587.97 
 74515  10525.01 
 55399  54220.99 
 70802  36751.22 
 45029  10551.36 
 35750  6266.55 
 11972  37048.21 
 21765  73824.78 
 7962  39400.19 
 11380  55020.95 
 1615  21216.68 
 69224  39761.85 
 9909  52542.03 
 53874  49969.71 
 36081  34339.37 
 20287  58615.97 
 22381  46230.98 
 49699  78167.07 
 65420  63461.24 
