22.37 1.56 87
 7  0.72
 10  2.28
 18  0.61
 1  0.47
 14  0.84
 17  1.42
 3  1.51
 11  1.76
 21  0.57
 21  0.95
 7  0.81
 17  0.75
 4  0.18
 13  2.36
 20  2.78
 18  0.17
 12  0.09
 7  0.69
 6  1.78
 4  1.19
 21  1.18
 5  1.37
 1  2.39
 15  2.22
 12  2.63
 13  1.00
 3  0.61
 11  0.89
 7  0.19
 6  2.16
 11  1.86
 16  2.00
 17  1.49
 14  0.47
 8  0.16
 19  0.58
 21  2.59
 12  0.04
 4  2.35
 17  1.72
 5  1.24
 5  1.32
 9  2.41
 6  1.57
 16  2.10
 11  0.40
 5  0.81
 7  2.24
 8  2.71
 2  2.76
 1  1.85
 18  1.89
 7  2.19
 1  0.89
 2  0.16
 7  1.99
 7  1.93
 4  2.74
 9  1.17
 17  0.85
 17  0.98
 19  1.60
 13  2.64
 12  1.58
 19  0.25
 15  2.49
 1  1.86
 15  0.77
 22  1.40
 10  1.15
 1  0.32
 16  2.71
 11  0.52
 4  2.69
 3  0.34
 12  0.37
 19  1.76
 6  1.30
 12  2.08
 9  1.52
 19  0.45
 18  2.39
 14  0.89
 20  2.05
 2  0.29
 21  0.24
 20  1.77
