78480.83 1576.47 1079
 18077  60783.53
 133  12146.49
 35379  1500.32
 8626  68775.94
 53787  39488.81
 8298  20296.97
 2585  13078.18
 33611  4465.44
 17658  13782.33
 47785  317.15
 45745  39709.15
 31386  23712.37
 48806  58637.53
 9991  14994.25
 36940  36772.78
 56204  38868.48
 27904  30799.43
 23322  33800.47
 23923  71005.76
 62695  35515.36
 57359  73393.66
 33947  33376.54
 3498  57885.47
 37379  70337.53
 75343  47244.10
 20690  59164.45
 50566  2317.05
 61519  4091.81
 29008  31505.98
 62783  22143.58
 64616  52870.16
 69847  68450.20
 57502  10029.23
 25027  15518.77
 75353  55737.08
 11509  69238.19
 56947  77697.64
 37570  52609.10
 8793  21017.89
 20836  51373.23
 40052  67935.26
 43709  10738.18
 12546  10211.26
 48525  71084.80
 34634  14100.88
 63856  16596.56
 6058  72756.57
 52034  17188.15
 70431  32064.04
 76898  17351.01
 25509  74653.48
 38799  30782.66
 18776  16400.16
 68311  28653.43
 29149  47040.52
 40792  32198.16
 69916  13487.74
 9641  39304.38
 26359  34444.75
 20398  3366.10
 42935  15794.21
 4724  43443.10
 59557  70548.30
 21566  5274.98
 39654  40667.19
 53332  43301.79
 38967  46072.90
 16822  9068.80
 9617  22725.59
 60046  22536.38
 58070  18100.68
 78028  11609.99
 31216  69242.98
 9938  47088.42
 12544  19082.66
 7584  43146.10
 53246  58218.39
 75556  22687.27
 13833  71860.81
 78174  67068.24
 38691  70344.72
 27391  50779.25
 27679  18297.07
 55732  7186.26
 39841  6714.43
 66829  48685.94
 71887  24804.53
 37302  59523.71
 47745  40394.15
 20786  46674.07
 31439  38183.48
 42981  32868.78
 8482  18304.26
 37321  63176.22
 32838  75338.47
 10108  72596.10
 6173  10908.23
 35350  29070.18
 43402  12656.64
 32689  20862.21
 63399  47634.50
 27442  74933.70
 29772  52304.92
 61258  3052.34
 29928  58323.77
 60058  4055.88
 47733  60342.83
 4978  43059.88
 30605  20689.77
 6614  70203.41
 27921  52637.84
 494  41503.07
 59761  78351.49
 76685  77829.37
 42238  23494.41
 62755  38461.31
 56326  1567.39
 839  22507.64
 30689  58771.65
 59560  54364.69
 67229  31235.33
 30364  74071.47
 8939  27178.06
 9859  58417.18
 28198  45318.45
 63238  59420.72
 50219  26926.57
 77935  64553.40
 25269  30044.98
 35614  14666.12
 41604  18182.11
 27992  41000.11
 16724  50791.22
 9191  1488.35
 77954  53885.68
 22793  25855.97
 35731  36557.22
 32967  51028.34
 2377  10290.30
 19401  56266.39
 10398  5904.89
 14762  78368.26
 55222  72873.93
 38045  68184.35
 64505  28030.71
 73482  3004.44
 41745  15593.02
 48370  2130.23
 43247  75918.09
 37882  75350.45
 751  20340.08
 22491  36494.95
 69047  7016.21
 53859  75048.67
 19713  54307.21
 76313  6587.49
 8422  63880.38
 24376  49500.27
 59734  2724.21
 71298  49967.31
 47431  11166.90
 933  2702.66
 25748  7622.17
 10856  45114.87
 21186  48295.54
 35499  25532.63
 3500  70823.73
 54147  40930.65
 8925  44564.00
 42248  4209.17
 35439  19911.36
 68790  28960.00
 75554  525.52
 61521  5639.04
 63392  72636.82
 56698  111.17
 23035  9054.43
 62700  5497.73
 38006  37666.14
 40322  50408.01
 14860  30030.61
 70809  57763.32
 38018  55590.98
 37228  64931.82
 33118  27975.62
 67511  42401.23
 6889  54735.93
 44449  163.87
 51706  1792.53
 58848  11490.23
 48662  40897.12
 32658  58426.76
 62388  63561.83
 74323  35019.57
 27264  43668.23
 28644  48072.80
 32184  17001.33
 18831  17238.44
 38943  33369.36
 50621  48429.67
 27528  5243.85
 5280  32983.75
 31185  43989.18
 53354  25063.19
 34311  30456.93
 69181  6680.90
 59327  31228.15
 40052  43447.89
 23183  71856.02
 50006  68292.13
 3582  15066.10
 27116  60814.66
 24661  17348.62
 31717  16493.57
 2236  35912.94
 18699  2482.31
 57088  36631.47
 8319  8165.85
 31324  2865.52
 69545  44202.34
 64391  61547.56
 30076  41198.90
 43520  61890.06
 43716  1790.13
 20632  21839.41
 45632  35742.89
 38334  71290.78
 11002  25501.50
 44351  51481.01
 67871  42976.05
 63648  67987.95
 25250  9265.20
 51843  37697.28
 35647  32042.48
 70093  76543.20
 69509  69250.16
 48078  3881.04
 77746  39955.85
 10685  45682.50
 10947  51198.39
 35058  70656.08
 1828  56649.61
 28759  69345.97
 36497  28603.13
 8425  73585.27
 48906  37539.21
 27834  28909.71
 78035  65125.82
 42392  14745.16
 9490  43620.33
 36148  69298.06
 32191  26038.00
 70541  13981.13
 76170  38221.80
 31585  25391.32
 68453  66608.38
 68855  73774.48
 57873  46721.97
 11895  74701.38
 5292  70754.28
 13083  50111.02
 16611  51397.18
 74699  26452.35
 30301  2075.15
 2925  64821.65
 50731  13801.49
 36428  72354.20
 17468  68481.34
 3579  25185.34
 9502  24677.59
 2849  16821.70
 31465  72564.96
 68010  55890.36
 2329  32040.08
 7615  47373.43
 56968  66742.51
 19643  38250.55
 54470  10685.48
 53043  62936.71
 51680  37189.52
 8190  61794.26
 8022  23839.31
 3735  71475.20
 9186  29213.88
 54985  61583.49
 60554  19882.62
 39379  8807.74
 31599  7773.06
 581  53967.11
 57859  70560.28
 18616  77355.14
 19638  2489.50
 11495  28983.95
 52212  30389.87
 29947  35218.37
 324  66251.51
 76522  48755.40
 7150  29918.04
 10669  25446.41
 72127  47433.31
 62223  2554.16
 61418  76277.35
 3471  41677.92
 45963  39028.95
 13665  38746.33
 17931  16685.18
 30433  70703.98
 37791  13518.87
 72577  25544.61
 19744  21925.63
 55325  48628.46
 50767  56170.59
 12884  2578.11
 58638  20098.18
 34179  23036.95
 38080  19542.52
 41786  53674.91
 42854  42741.33
 54175  50307.42
 54106  11837.52
 40986  71714.71
 31635  70624.94
 11435  63461.24
 22924  71027.32
 73461  43435.91
 8666  7085.67
 4959  24545.86
 66067  44983.14
 36725  69362.73
 57730  14328.41
 34047  47560.25
 55217  70028.57
 32246  40372.59
 77300  35484.22
 19452  21070.58
 38037  78279.64
 38342  69657.33
 54310  72057.20
 69782  64687.52
 45951  60381.15
 63756  31939.49
 33788  39531.92
 51390  14342.78
 68702  63363.04
 75638  15061.31
 19854  64433.64
 31369  55351.47
 38710  2087.12
 15768  35783.61
 43457  45634.60
 24012  70335.14
 60702  69142.38
 62079  40101.95
 4499  49517.04
 61018  56472.37
 23276  16548.66
 36658  31082.05
 73133  47857.24
 36064  42410.81
 5117  56149.03
 801  10297.48
 2125  18687.47
 30074  54240.15
 63155  3976.85
 75065  46824.96
 18673  17724.65
 18446  52034.27
 30529  43311.37
 33662  2843.97
 77894  63415.73
 58975  72399.70
 30713  45617.83
 7435  14668.52
 67935  71012.95
 18707  27681.03
 59655  39297.20
 19404  2515.84
 24876  71161.44
 16922  25091.94
 48631  21144.83
 997  14191.89
 43510  6649.76
 14649  28576.79
 15368  52309.71
 53589  68423.86
 40981  49088.32
 41826  40600.13
 68055  10881.88
 13437  47253.68
 1124  22871.69
 41870  19068.29
 26706  21415.48
 46770  29903.67
 71648  55411.35
 39985  266.85
 74634  70167.48
 77396  47811.73
 43263  20701.74
 7354  35390.81
 7038  61815.81
 8980  45706.45
 15873  52230.67
 49062  19188.05
 59061  3718.18
 35597  48688.34
 54283  6156.37
 52461  38516.40
 17037  3749.31
 20307  64428.85
 10707  72315.87
 51687  63628.89
 66151  3294.25
 60784  34425.59
 63399  21583.13
 52604  2443.99
 78289  30159.94
 44485  69762.71
 9409  71942.24
 24522  39299.59
 8425  29659.37
 76922  29568.35
 58283  76986.29
 58702  2499.08
 65384  58663.88
 56448  11837.52
 65950  19192.84
 65770  36621.89
 29104  57830.39
 43687  30001.86
 34119  2872.71
 32313  68172.37
 68884  65274.32
 12889  52470.18
 70124  60726.05
 51843  26608.03
 1776  8407.76
 5529  12752.45
 42650  9437.64
 51641  35965.63
 51974  15729.54
 58266  25592.51
 32066  60692.52
 317  27637.91
 50348  71314.73
 62225  24287.19
 5790  68519.66
 46672  30102.46
 56477  32281.99
 24498  74933.70
 52801  2961.33
 40528  36779.96
 48715  9265.20
 25537  33359.78
 121  1883.54
 5167  1438.05
 16453  11080.67
 29379  35963.24
 59375  932.69
 70182  39608.56
 62225  30885.65
 17624  19298.22
 70486  40420.50
 21739  51198.39
 42701  24404.55
 54734  73561.32
 10875  71887.15
 39879  20011.96
 4327  15698.40
 49210  60297.33
 43608  49129.03
 32955  48386.56
 916  16534.29
 73964  63971.39
 25954  68328.05
 2149  48484.75
 78016  73300.26
 68630  29304.89
 48032  7813.78
 23370  31996.97
 31635  49016.46
 22601  75503.74
 39482  1718.28
 3546  56493.93
 40080  3809.19
 10884  74725.33
 13794  20900.53
 74558  63863.61
 49910  75027.11
 4339  64416.88
 8544  52285.76
 55213  3246.34
 34967  14014.66
 3651  2364.95
 35408  13324.87
 21770  3021.21
 29813  27657.07
 26146  41692.29
 39999  29458.18
 24975  42470.69
 15971  20833.47
 23933  70074.07
 28498  54256.92
 52353  64898.29
 53474  65176.12
 47314  4362.45
 47096  9535.84
 310  61332.00
 29746  53550.36
 25581  55761.03
 14309  52992.31
 48458  46298.04
 46219  31467.66
 28522  23800.98
 33985  31575.44
 23480  4170.85
 29892  28162.44
 66838  52034.27
 11782  4206.77
 28517  41548.58
 61059  15207.41
 59354  20095.78
 66285  28703.73
 62098  39280.43
 4506  71135.10
 45457  5109.72
 8132  76248.61
 39307  59909.32
 13813  45751.96
 14956  7291.65
 6204  73388.87
 58175  19334.15
 25219  58309.40
 61677  38557.12
 7893  71573.40
 48058  35374.05
 46092  24464.42
 75964  24725.49
 32488  73319.42
 55658  40578.57
 60817  17123.48
 74869  70699.19
 3486  64412.09
 69976  71927.87
 24970  48456.01
 71231  68361.59
 61603  16656.44
 14034  60230.26
 26270  57950.14
 31072  59863.81
 24280  18170.13
 60336  60955.97
 62932  27978.02
 76241  22102.87
 32251  60326.07
 14348  63250.47
 67255  69961.50
 69001  14191.89
 28670  30686.86
 42004  4966.02
 17547  10170.54
 69756  60031.47
 32888  68943.59
 72800  72157.80
 59814  44884.94
 19729  1464.40
 31611  30107.25
 76021  27412.78
 11423  31898.77
 61351  28342.07
 36854  17025.28
 32840  78349.10
 51816  8321.53
 5112  1924.26
 75195  20155.66
 75197  68577.14
 10345  51088.21
 61976  4546.88
 29906  77290.47
 6628  51916.91
 76584  29558.77
 15943  75067.83
 42243  11444.73
 10137  52336.06
 29312  35017.18
 54537  71820.09
 59267  2606.86
 31676  29939.59
 44947  74413.97
 39491  55521.52
 19303  31304.79
 36758  52939.62
 24611  48602.11
 42933  14896.05
 47235  77587.46
 41410  47811.73
 29772  15054.12
 30074  33750.18
 31748  55095.20
 74467  69374.71
 21353  28768.39
 22632  36212.33
 75676  29656.97
 71193  70562.67
 1062  32200.56
 36581  51921.70
 14374  16024.13
 12158  35172.86
 5565  29704.87
 29731  59372.82
 42665  59121.34
 71930  2683.50
 31987  75580.38
 16084  35259.08
 17389  50403.22
 71214  63672.00
 51716  75712.11
 33027  52901.30
 25473  64165.39
 37594  11849.50
 33997  30691.65
 39855  37280.54
 20038  36564.40
 69710  65418.02
 57845  14041.00
 61557  40042.07
 15679  43064.67
 54290  67846.64
 41326  42544.94
 28483  14165.55
 58123  75563.61
 20862  71889.55
 30055  74088.24
 18213  30090.48
 46712  25523.05
 35367  30864.10
 24591  54577.86
 36378  70016.59
 37616  30097.67
 25104  9878.34
 53091  13892.51
 42705  28203.15
 7455  3993.61
 5912  53706.05
 18333  53919.21
 65373  74258.29
 19155  5207.92
 5210  25218.88
 25446  71738.66
 11248  45208.27
 5213  21971.14
 73339  42243.16
 13100  2712.24
 35293  63851.64
 31642  44161.62
 69277  21705.28
 22362  34178.90
 56501  28933.66
 22374  26842.74
 5524  57617.22
 4494  4882.19
 68450  17667.16
 42828  59782.38
 10400  63319.93
 30934  30667.70
 67253  30981.46
 43929  36665.00
 64695  12134.51
 42231  2032.03
 67811  23250.11
 8345  1215.31
 62067  70107.60
 77657  72471.56
 51388  59574.01
 28043  71477.59
 36208  71475.20
 43742  18687.47
 1481  51193.60
 77736  20718.51
 5414  63432.50
 42016  62488.83
 27983  10879.49
 33587  6163.56
 62417  36662.60
 185  15154.72
 30253  43421.54
 15643  12563.23
 3112  18831.18
 19487  40497.14
 76356  71242.88
 33750  51150.49
 63876  60196.73
 25504  54278.47
 7270  1490.74
 35681  15262.50
 20546  32780.17
 56642  36006.35
 71190  20641.86
 43565  55875.99
 23830  28016.34
 13059  75822.28
 76462  74873.83
 64671  64424.06
 31844  18579.69
 43242  78066.48
 45508  27326.55
 12000  67973.58
 37273  40200.15
 77099  63233.70
 15248  21401.11
 27125  45581.91
 68917  30090.48
 75214  48115.91
 4288  29779.12
 27976  29161.19
 46063  28366.02
 52434  53456.96
 68421  1893.12
 51287  17944.99
 35079  36104.55
 32818  3713.39
 51986  60438.64
 55478  20488.58
 44942  930.29
 14376  68260.99
 55402  40590.55
 47261  67240.68
 68007  8630.50
 22105  31391.02
 49182  20071.83
 61102  36710.50
 52106  52910.88
 13869  45565.14
 47155  34962.09
 70014  1596.13
 39434  11186.06
 31547  21017.89
 54039  1519.49
 63104  74572.05
 1292  61815.81
 48046  6223.44
 22826  978.20
 54487  67688.57
 75085  51651.06
 59586  68014.30
 57430  64043.24
 23480  64136.65
 26270  11380.06
 30814  63818.10
 75760  4412.75
 21617  18768.90
 54353  13588.33
 6714  12278.22
 31987  7706.00
 53986  35565.65
 39010  1378.18
 77341  42075.50
 70136  13717.67
 48901  66261.09
 51768  58465.08
 38454  75843.84
 59634  11032.77
 72783  50448.73
 14175  21980.72
 3733  34039.98
 3958  66768.85
 5522  26258.34
 72115  7614.98
 6549  9394.53
 66709  12956.03
 10439  54632.94
 38172  42051.55
 3948  19485.04
 58094  45256.18
 72292  35690.20
 20999  58369.28
 47402  43857.45
 29983  36569.19
 15964  45023.85
 44274  18967.70
 70984  31673.64
 17476  76888.10
 5881  12738.07
 67832  9071.20
 3254  36911.69
 25707  41962.93
 34953  887.18
 18642  65370.12
 45934  10211.26
 26491  74310.98
 51177  59075.83
 67023  53682.09
 20616  32167.02
 43223  14520.02
 15605  50640.33
 49371  66586.83
 59449  46307.62
 10178  58853.09
 48545  77252.15
 77925  6788.68
 49953  33534.62
 34006  53207.87
 36263  10766.92
 61610  4362.45
 31410  168.66
 37199  13370.38
 32256  15954.68
 21475  19743.71
 51692  15037.36
 39209  66459.89
 40528  23480.04
 23583  45146.00
 33911  60184.76
 54973  49016.46
 44090  36791.94
 43172  41100.70
 45273  9095.15
 3256  17432.45
 43283  17157.01
 74122  532.71
 26383  46398.63
 17200  22641.76
 25430  53195.89
 12752  61880.48
 1239  37860.15
 58350  12297.38
 22773  30085.69
 22342  43414.35
 61607  48182.97
 11397  17501.90
 23267  54170.69
 44140  46880.05
 47251  44544.84
 24146  74605.58
 48140  63303.16
 24548  11439.94
 20833  41622.83
 72505  39139.12
 3816  35618.34
 73600  22991.44
 46245  60189.55
 6168  76615.06
 14551  11923.75
 5431  44700.52
 55256  56307.11
 74979  25185.34
 58525  10148.99
 65753  10503.46
 37896  56515.48
 52468  63030.12
 6171  67365.23
 21047  46147.15
 7193  28164.83
 17279  12144.09
 60712  16893.55
 62630  32931.06
 52219  34217.22
 45697  25364.98
 31288  20821.49
 72426  5339.65
 8520  44724.47
 70922  66718.56
 28555  52822.26
 75762  48333.86
 1666  32765.80
 66093  68716.06
 71367  57878.29
 76134  8254.47
 58827  40992.92
 1680  60170.39
 17174  4089.41
 56736  37608.66
 44090  61746.35
 48121  29170.77
 51618  62009.81
 70292  11650.71
 74469  44722.07
 3457  70541.11
 10712  48235.67
 24749  14306.86
 3955  32174.21
 64968  32978.96
 47009  16773.80
 28186  9835.23
 16106  29237.83
 40983  56.09
 49881  36159.63
 37161  34437.57
 49237  1768.57
 63662  35477.03
 17389  15638.53
 64271  44489.75
 16225  1749.41
 55854  55828.09
 45556  51284.61
 3100  49313.45
 34133  27784.01
 71102  66352.11
 13512  36344.06
 12343  57502.26
 35788  13150.03
 15567  53322.83
 63282  26976.87
 46456  72332.64
 19013  19856.27
 7646  3988.82
 69109  29189.93
 23957  57741.77
 70247  10862.72
 41053  54026.99
 58381  70268.07
 5543  31817.34
 5536  63755.83
 50106  56189.75
 14506  5327.67
 68098  52398.33
 41628  5624.67
 63330  61334.40
 3512  781.80
 31530  16273.22
 64185  38772.68
 52925  63638.47
 75044  46578.26
 58733  56786.13
 4554  2798.46
 29504  30356.34
 16175  66881.42
 9641  48750.61
 69396  19937.71
 68139  59078.23
 56829  1303.93
 60807  25666.76
 38325  12199.18
 30316  34689.05
 15373  13693.71
 605  18179.71
 62527  52400.72
 2008  41689.89
 23643  43603.57
 25379  20031.12
 60518  57895.05
 35252  40784.55
 6096  34705.82
 54271  3100.24
 65476  4259.47
 56475  65377.31
 32054  55258.06
 74107  59945.25
 33022  31055.70
 20089  74725.33
 49905  75235.49
 23209  46036.98
 51232  47275.24
 71887  13123.68
 23526  27951.67
 77425  55868.81
 11064  13691.32
 15933  75065.43
 39  77688.06
 4178  6328.82
 71430  38815.79
 46938  77709.61
 30409  73089.49
 17502  53928.79
 35319  53013.86
 1321  59605.15
 21368  69851.33
 73233  40846.82
 69940  2566.14
 30742  65173.72
 68045  39187.03
 37312  10266.34
 23981  14292.49
 29738  56723.86
 11586  17731.83
 20867  64428.85
 10408  59856.63
 14942  32483.18
 26848  71065.64
 18774  36303.34
 57270  61540.38
 43240  36708.11
 42674  70828.53
 28907  73604.43
 3785  47054.89
 61229  61897.24
 35281  70277.65
 24234  16141.49
 34066  39484.02
 78450  39.32
 17535  22548.35
 13229  77939.54
 43453  74758.86
 36464  35330.93
 38023  18855.13
 31573  8774.21
 34897  32739.45
 1699  65683.88
 32984  26375.70
 65224  31355.09
 54278  66713.76
 54152  36576.38
 1972  67595.16
 61746  22466.92
 57050  61693.66
 28958  10026.84
 36375  56290.34
 29952  77383.88
 20136  5061.82
 52583  47184.22
 43795  74976.82
 70867  24550.65
 63638  13842.21
 68556  61478.10
 31633  73549.34
 26086  9612.49
 32977  18641.97
 868  34756.11
 8070  9389.74
 77743  29724.03
 32634  45993.86
 5673  47006.99
 49809  36504.53
 24074  66304.20
 27928  389.00
 26452  41234.82
 65722  37417.06
 55965  31381.44
 5938  44722.07
 65327  29781.52
 41173  67362.83
 52149  76916.84
 67813  9545.42
 71775  35759.66
 56733  62761.87
 61437  11413.59
 59938  28576.79
 76598  5076.19
 2751  69595.06
 9943  21271.77
 78263  46044.16
 21782  2944.56
 10087  49976.89
 45979  28516.91
 40629  932.69
 71051  67029.92
 27362  51675.01
 31458  39381.03
 53732  60292.54
 66929  31177.85
 35853  34284.28
 63353  71022.53
 5083  38281.68
 17876  26047.58
 38768  58398.02
 63227  48834.44
 28071  41491.10
 45872  8510.75
 60316  52896.51
 4374  66716.16
 35053  64594.11
 29877  46472.88
 76138  23741.11
 70335  68548.40
 45091  27424.75
 43910  24862.01
 31983  76344.41
 38373  49612.84
 50576  18100.68
 20136  28540.86
 29197  16110.36
 6978  71604.53
 50659  35802.77
 49613  67918.49
 49119  18294.68
 34402  12793.16
 15986  18059.96
 64985  10592.08
 1196  12709.33
 22488  73544.55



