167.00 24.00  54
 68  48
 126  164
 135  106
 72  157
 71  106
 139  45
 98  87
 156  125
 144  150
 83  141
 94  116
 119  93
 43  159
 75  144
 162  106
 72  46
 122  144
 77  41
 155  136
 53  82
 162  90
 152  140
 54  50
 84  49
 156  146
 157  85
 136  61
 146  40
 117  145
 34  95
 71  68
 95  133
 127  35
 67  46
 78  71
 80  156
 109  56
 140  150
 157  118
 108  133
 139  86
 64  129
 118  106
 96  92
 68  133
 149  157
 65  157
 107  31
 26  146
 117  75
 73  109
 98  68
 50  28
 79  113
