8165.11 4028.62 37
 362  6691.66 
 6435  7203.74 
 3703  978.31 
 5371  7356.49 
 5678  7794.81 
 867  6476.12 
 164  6845.16 
 2431  3613.21 
 1174  155.49 
 6508  5946.84 
 1720  1790.41 
 3858  3579.57 
 1454  852.72 
 1753  6033.81 
 4344  6220.20 
 5111  5981.23 
 6035  7919.91 
 2740  1098.91 
 2782  4416.09 
 814  4907.74 
 785  4206.03 
 2775  6018.36 
 662  4020.38 
 2265  2603.01 
 1203  7163.62 
 2609  6201.51 
 5301  2640.38 
 6976  2863.16 
 6905  1261.63 
 894  2532.24 
 7188  385.24 
 1894  1371.28 
 6122  6147.94 
 2001  4256.36 
 1329  1171.93 
 307  5633.12 
 5713  2936.17 